0.058823529411764705 0.058823529411764705 0.08823529411764705 0.08823529411764705 0.058823529411764705 0.08823529411764705 0.058823529411764705 0.058823529411764705 0.058823529411764705 0.058823529411764705 0.058823529411764705 0.058823529411764705 0.058823529411764705 0.08823529411764705 0.058823529411764705
0.0625 0.0625 0.0625 0.0625 0.0625 0.0625 0.09375 0.0625 0.0625 0.0625 0.0625 0.0625 0.0625 0.0625 0.09375
0.07500000000000001 0.05 0.125 0.05 0.05 0.05 0.05 0.07500000000000001 0.07500000000000001 0.07500000000000001 0.07500000000000001 0.07500000000000001 0.05 0.05 0.07500000000000001
0.1111111111111111 0.05555555555555555 0.08333333333333333 0.05555555555555555 0.05555555555555555 0.08333333333333333 0.08333333333333333 0.05555555555555555 0.05555555555555555 0.05555555555555555 0.05555555555555555 0.05555555555555555 0.08333333333333333 0.05555555555555555 0.05555555555555555
0.1 0.07500000000000001 0.05 0.05 0.05 0.05 0.07500000000000001 0.07500000000000001 0.05 0.07500000000000001 0.07500000000000001 0.05 0.1 0.05 0.07500000000000001
0.07894736842105263 0.07894736842105263 0.05263157894736842 0.05263157894736842 0.05263157894736842 0.05263157894736842 0.05263157894736842 0.10526315789473684 0.05263157894736842 0.05263157894736842 0.07894736842105263 0.05263157894736842 0.07894736842105263 0.10526315789473684 0.05263157894736842
0.058823529411764705 0.08823529411764705 0.058823529411764705 0.058823529411764705 0.058823529411764705 0.08823529411764705 0.058823529411764705 0.08823529411764705 0.058823529411764705 0.058823529411764705 0.058823529411764705 0.08823529411764705 0.058823529411764705 0.058823529411764705 0.058823529411764705
0.05 0.05 0.05 0.07500000000000001 0.05 0.05 0.05 0.1 0.1 0.05 0.05 0.1 0.1 0.05 0.07500000000000001
0.0625 0.0625 0.0625 0.0625 0.0625 0.0625 0.0625 0.0625 0.0625 0.09375 0.0625 0.0625 0.0625 0.0625 0.09375
0.06521739130434782 0.043478260869565216 0.043478260869565216 0.06521739130434782 0.10869565217391304 0.043478260869565216 0.15217391304347827 0.043478260869565216 0.043478260869565216 0.08695652173913043 0.06521739130434782 0.043478260869565216 0.043478260869565216 0.08695652173913043 0.06521739130434782
0.047619047619047616 0.047619047619047616 0.047619047619047616 0.047619047619047616 0.047619047619047616 0.047619047619047616 0.14285714285714285 0.047619047619047616 0.07142857142857142 0.14285714285714285 0.07142857142857142 0.047619047619047616 0.047619047619047616 0.07142857142857142 0.07142857142857142
0.08823529411764705 0.058823529411764705 0.058823529411764705 0.058823529411764705 0.08823529411764705 0.058823529411764705 0.058823529411764705 0.058823529411764705 0.058823529411764705 0.08823529411764705 0.058823529411764705 0.058823529411764705 0.058823529411764705 0.058823529411764705 0.08823529411764705
0.058823529411764705 0.058823529411764705 0.11764705882352941 0.058823529411764705 0.058823529411764705 0.058823529411764705 0.058823529411764705 0.058823529411764705 0.058823529411764705 0.058823529411764705 0.058823529411764705 0.08823529411764705 0.058823529411764705 0.08823529411764705 0.058823529411764705
0.0625 0.0625 0.0625 0.0625 0.0625 0.0625 0.0625 0.0625 0.0625 0.09375 0.0625 0.0625 0.0625 0.09375 0.0625
0.05555555555555555 0.08333333333333333 0.08333333333333333 0.05555555555555555 0.05555555555555555 0.05555555555555555 0.05555555555555555 0.05555555555555555 0.08333333333333333 0.08333333333333333 0.05555555555555555 0.05555555555555555 0.08333333333333333 0.05555555555555555 0.08333333333333333
0.0625 0.0625 0.0625 0.0625 0.0625 0.0625 0.0625 0.0625 0.0625 0.0625 0.0625 0.09375 0.0625 0.0625 0.09375
0.058823529411764705 0.058823529411764705 0.058823529411764705 0.058823529411764705 0.058823529411764705 0.058823529411764705 0.08823529411764705 0.058823529411764705 0.058823529411764705 0.11764705882352941 0.058823529411764705 0.058823529411764705 0.058823529411764705 0.058823529411764705 0.08823529411764705
0.0625 0.0625 0.0625 0.0625 0.0625 0.0625 0.0625 0.0625 0.0625 0.09375 0.0625 0.09375 0.0625 0.0625 0.0625
0.05 0.05 0.07500000000000001 0.05 0.05 0.05 0.07500000000000001 0.125 0.05 0.1 0.07500000000000001 0.07500000000000001 0.05 0.05 0.07500000000000001
0.0625 0.0625 0.0625 0.0625 0.0625 0.0625 0.09375 0.0625 0.0625 0.0625 0.0625 0.09375 0.0625 0.0625 0.0625
0.05 0.05 0.07500000000000001 0.05 0.07500000000000001 0.07500000000000001 0.15 0.05 0.05 0.05 0.05 0.07500000000000001 0.05 0.07500000000000001 0.07500000000000001
0.05555555555555555 0.05555555555555555 0.05555555555555555 0.05555555555555555 0.05555555555555555 0.05555555555555555 0.08333333333333333 0.08333333333333333 0.08333333333333333 0.05555555555555555 0.05555555555555555 0.05555555555555555 0.08333333333333333 0.08333333333333333 0.08333333333333333
0.09375 0.0625 0.046875 0.078125 0.03125 0.03125 0.15625 0.0625 0.03125 0.125 0.046875 0.03125 0.03125 0.109375 0.0625
0.047619047619047616 0.07142857142857142 0.047619047619047616 0.07142857142857142 0.09523809523809523 0.07142857142857142 0.07142857142857142 0.047619047619047616 0.047619047619047616 0.09523809523809523 0.047619047619047616 0.09523809523809523 0.07142857142857142 0.047619047619047616 0.07142857142857142
0.05555555555555555 0.05555555555555555 0.05555555555555555 0.08333333333333333 0.05555555555555555 0.05555555555555555 0.05555555555555555 0.1111111111111111 0.05555555555555555 0.08333333333333333 0.05555555555555555 0.08333333333333333 0.08333333333333333 0.05555555555555555 0.05555555555555555
0.08333333333333333 0.08333333333333333 0.05555555555555555 0.05555555555555555 0.05555555555555555 0.05555555555555555 0.1111111111111111 0.05555555555555555 0.05555555555555555 0.08333333333333333 0.05555555555555555 0.05555555555555555 0.05555555555555555 0.08333333333333333 0.05555555555555555
0.10526315789473684 0.05263157894736842 0.05263157894736842 0.05263157894736842 0.05263157894736842 0.07894736842105263 0.05263157894736842 0.05263157894736842 0.05263157894736842 0.10526315789473684 0.10526315789473684 0.05263157894736842 0.05263157894736842 0.07894736842105263 0.05263157894736842
0.1 0.07500000000000001 0.07500000000000001 0.07500000000000001 0.05 0.05 0.07500000000000001 0.07500000000000001 0.07500000000000001 0.07500000000000001 0.05 0.05 0.05 0.05 0.07500000000000001
0.09523809523809523 0.047619047619047616 0.07142857142857142 0.11904761904761904 0.047619047619047616 0.047619047619047616 0.07142857142857142 0.047619047619047616 0.047619047619047616 0.07142857142857142 0.047619047619047616 0.07142857142857142 0.07142857142857142 0.07142857142857142 0.07142857142857142
0.0625 0.0625 0.0625 0.0625 0.0625 0.0625 0.0625 0.0625 0.09375 0.0625 0.0625 0.09375 0.0625 0.0625 0.0625
0.1 0.05 0.05 0.05 0.05 0.05 0.05 0.1 0.05 0.1 0.05 0.07500000000000001 0.07500000000000001 0.1 0.05
0.09375 0.0625 0.0625 0.0625 0.0625 0.0625 0.0625 0.0625 0.0625 0.0625 0.0625 0.0625 0.0625 0.09375 0.0625
0.07894736842105263 0.10526315789473684 0.05263157894736842 0.07894736842105263 0.05263157894736842 0.05263157894736842 0.05263157894736842 0.07894736842105263 0.07894736842105263 0.05263157894736842 0.07894736842105263 0.05263157894736842 0.07894736842105263 0.05263157894736842 0.05263157894736842
0.05263157894736842 0.05263157894736842 0.05263157894736842 0.07894736842105263 0.10526315789473684 0.05263157894736842 0.05263157894736842 0.07894736842105263 0.05263157894736842 0.13157894736842105 0.05263157894736842 0.05263157894736842 0.05263157894736842 0.07894736842105263 0.05263157894736842
0.0625 0.0625 0.0625 0.0625 0.0625 0.0625 0.09375 0.0625 0.0625 0.0625 0.0625 0.0625 0.0625 0.0625 0.09375
0.08823529411764705 0.058823529411764705 0.058823529411764705 0.08823529411764705 0.058823529411764705 0.058823529411764705 0.058823529411764705 0.058823529411764705 0.08823529411764705 0.058823529411764705 0.058823529411764705 0.058823529411764705 0.08823529411764705 0.058823529411764705 0.058823529411764705
0.0625 0.0625 0.0625 0.09375 0.09375 0.0625 0.0625 0.0625 0.0625 0.0625 0.0625 0.0625 0.0625 0.0625 0.0625
0.058823529411764705 0.058823529411764705 0.08823529411764705 0.058823529411764705 0.058823529411764705 0.058823529411764705 0.058823529411764705 0.058823529411764705 0.08823529411764705 0.08823529411764705 0.058823529411764705 0.058823529411764705 0.058823529411764705 0.08823529411764705 0.058823529411764705
0.05263157894736842 0.05263157894736842 0.07894736842105263 0.05263157894736842 0.07894736842105263 0.05263157894736842 0.05263157894736842 0.07894736842105263 0.05263157894736842 0.07894736842105263 0.13157894736842105 0.05263157894736842 0.07894736842105263 0.05263157894736842 0.05263157894736842
0.058823529411764705 0.058823529411764705 0.08823529411764705 0.08823529411764705 0.058823529411764705 0.058823529411764705 0.058823529411764705 0.08823529411764705 0.058823529411764705 0.058823529411764705 0.08823529411764705 0.058823529411764705 0.058823529411764705 0.058823529411764705 0.058823529411764705
0.05263157894736842 0.05263157894736842 0.10526315789473684 0.05263157894736842 0.05263157894736842 0.07894736842105263 0.05263157894736842 0.05263157894736842 0.05263157894736842 0.05263157894736842 0.07894736842105263 0.07894736842105263 0.07894736842105263 0.05263157894736842 0.10526315789473684
0.10526315789473684 0.07894736842105263 0.05263157894736842 0.05263157894736842 0.05263157894736842 0.07894736842105263 0.07894736842105263 0.05263157894736842 0.05263157894736842 0.05263157894736842 0.05263157894736842 0.05263157894736842 0.05263157894736842 0.07894736842105263 0.10526315789473684
0.1111111111111111 0.08333333333333333 0.05555555555555555 0.05555555555555555 0.05555555555555555 0.05555555555555555 0.05555555555555555 0.08333333333333333 0.05555555555555555 0.05555555555555555 0.05555555555555555 0.08333333333333333 0.05555555555555555 0.05555555555555555 0.08333333333333333
0.04 0.1 0.04 0.08 0.04 0.08 0.04 0.08 0.08 0.06 0.14 0.04 0.06 0.04 0.08
0.0625 0.0625 0.0625 0.0625 0.0625 0.0625 0.0625 0.0625 0.0625 0.09375 0.09375 0.0625 0.0625 0.0625 0.0625
0.09375 0.0625 0.0625 0.0625 0.0625 0.0625 0.0625 0.0625 0.0625 0.0625 0.09375 0.0625 0.0625 0.0625 0.0625
0.15789473684210525 0.05263157894736842 0.07894736842105263 0.07894736842105263 0.05263157894736842 0.05263157894736842 0.07894736842105263 0.07894736842105263 0.05263157894736842 0.05263157894736842 0.05263157894736842 0.05263157894736842 0.05263157894736842 0.05263157894736842 0.05263157894736842
0.058823529411764705 0.058823529411764705 0.058823529411764705 0.058823529411764705 0.08823529411764705 0.058823529411764705 0.058823529411764705 0.08823529411764705 0.058823529411764705 0.058823529411764705 0.058823529411764705 0.058823529411764705 0.08823529411764705 0.08823529411764705 0.058823529411764705
0.16666666666666666 0.047619047619047616 0.047619047619047616 0.047619047619047616 0.07142857142857142 0.07142857142857142 0.047619047619047616 0.047619047619047616 0.14285714285714285 0.047619047619047616 0.047619047619047616 0.047619047619047616 0.07142857142857142 0.047619047619047616 0.047619047619047616
0.12000000000000001 0.06 0.08 0.08 0.04 0.1 0.04 0.04 0.13999999999999999 0.06 0.04 0.06 0.04 0.04 0.06
0.06818181818181818 0.045454545454545456 0.045454545454545456 0.09090909090909091 0.045454545454545456 0.045454545454545456 0.045454545454545456 0.09090909090909091 0.13636363636363635 0.045454545454545456 0.045454545454545456 0.045454545454545456 0.13636363636363635 0.06818181818181818 0.045454545454545456
0.08823529411764705 0.058823529411764705 0.058823529411764705 0.058823529411764705 0.08823529411764705 0.058823529411764705 0.058823529411764705 0.058823529411764705 0.08823529411764705 0.058823529411764705 0.08823529411764705 0.058823529411764705 0.058823529411764705 0.058823529411764705 0.058823529411764705
0.09523809523809523 0.11904761904761904 0.07142857142857142 0.07142857142857142 0.047619047619047616 0.047619047619047616 0.07142857142857142 0.047619047619047616 0.07142857142857142 0.047619047619047616 0.09523809523809523 0.047619047619047616 0.047619047619047616 0.047619047619047616 0.07142857142857142
0.0625 0.0625 0.0625 0.0625 0.0625 0.0625 0.0625 0.0625 0.0625 0.0625 0.0625 0.0625 0.09375 0.09375 0.0625
0.175 0.05 0.05 0.05 0.05 0.05 0.07500000000000001 0.1 0.05 0.05 0.05 0.05 0.07500000000000001 0.07500000000000001 0.05
0.047619047619047616 0.047619047619047616 0.047619047619047616 0.047619047619047616 0.09523809523809523 0.07142857142857142 0.09523809523809523 0.11904761904761904 0.07142857142857142 0.047619047619047616 0.047619047619047616 0.07142857142857142 0.09523809523809523 0.047619047619047616 0.047619047619047616
0.0625 0.0625 0.09375 0.0625 0.0625 0.0625 0.0625 0.0625 0.0625 0.0625 0.0625 0.0625 0.0625 0.09375 0.0625
0.05 0.05 0.07500000000000001 0.07500000000000001 0.05 0.1 0.125 0.07500000000000001 0.05 0.05 0.05 0.07500000000000001 0.07500000000000001 0.05 0.05
0.1206896551724138 0.05172413793103448 0.10344827586206896 0.06896551724137931 0.05172413793103448 0.034482758620689655 0.034482758620689655 0.034482758620689655 0.18965517241379312 0.034482758620689655 0.05172413793103448 0.05172413793103448 0.05172413793103448 0.034482758620689655 0.08620689655172414
0.047619047619047616 0.047619047619047616 0.07142857142857142 0.047619047619047616 0.047619047619047616 0.07142857142857142 0.07142857142857142 0.047619047619047616 0.14285714285714285 0.047619047619047616 0.07142857142857142 0.047619047619047616 0.047619047619047616 0.09523809523809523 0.09523809523809523
0.06818181818181818 0.06818181818181818 0.045454545454545456 0.06818181818181818 0.045454545454545456 0.09090909090909091 0.045454545454545456 0.045454545454545456 0.20454545454545453 0.045454545454545456 0.045454545454545456 0.09090909090909091 0.045454545454545456 0.045454545454545456 0.045454545454545456
0.08333333333333333 0.05555555555555555 0.05555555555555555 0.05555555555555555 0.05555555555555555 0.05555555555555555 0.05555555555555555 0.05555555555555555 0.1111111111111111 0.05555555555555555 0.05555555555555555 0.08333333333333333 0.08333333333333333 0.08333333333333333 0.05555555555555555
0.09375 0.0625 0.0625 0.0625 0.0625 0.0625 0.09375 0.0625 0.0625 0.0625 0.0625 0.0625 0.0625 0.0625 0.0625
0.058823529411764705 0.058823529411764705 0.058823529411764705 0.058823529411764705 0.058823529411764705 0.058823529411764705 0.058823529411764705 0.058823529411764705 0.08823529411764705 0.058823529411764705 0.058823529411764705 0.058823529411764705 0.058823529411764705 0.11764705882352941 0.08823529411764705
0.058823529411764705 0.058823529411764705 0.058823529411764705 0.058823529411764705 0.058823529411764705 0.058823529411764705 0.058823529411764705 0.11764705882352941 0.058823529411764705 0.058823529411764705 0.058823529411764705 0.058823529411764705 0.11764705882352941 0.058823529411764705 0.058823529411764705
0.045454545454545456 0.045454545454545456 0.09090909090909091 0.045454545454545456 0.06818181818181818 0.045454545454545456 0.045454545454545456 0.09090909090909091 0.11363636363636363 0.09090909090909091 0.045454545454545456 0.06818181818181818 0.09090909090909091 0.06818181818181818 0.045454545454545456
0.19444444444444442 0.05555555555555555 0.05555555555555555 0.05555555555555555 0.05555555555555555 0.05555555555555555 0.05555555555555555 0.05555555555555555 0.05555555555555555 0.08333333333333333 0.05555555555555555 0.05555555555555555 0.05555555555555555 0.05555555555555555 0.05555555555555555
0.058823529411764705 0.058823529411764705 0.08823529411764705 0.058823529411764705 0.058823529411764705 0.058823529411764705 0.058823529411764705 0.08823529411764705 0.058823529411764705 0.058823529411764705 0.058823529411764705 0.058823529411764705 0.08823529411764705 0.08823529411764705 0.058823529411764705
0.0625 0.0625 0.0625 0.0625 0.0625 0.0625 0.0625 0.0625 0.09375 0.09375 0.0625 0.0625 0.0625 0.0625 0.0625
0.05 0.05 0.05 0.05 0.05 0.05 0.07500000000000001 0.07500000000000001 0.07500000000000001 0.125 0.05 0.05 0.07500000000000001 0.1 0.07500000000000001
0.05555555555555555 0.08333333333333333 0.05555555555555555 0.1111111111111111 0.05555555555555555 0.05555555555555555 0.05555555555555555 0.05555555555555555 0.05555555555555555 0.08333333333333333 0.05555555555555555 0.05555555555555555 0.05555555555555555 0.08333333333333333 0.08333333333333333
0.09375 0.0625 0.0625 0.0625 0.0625 0.0625 0.0625 0.0625 0.0625 0.0625 0.0625 0.0625 0.0625 0.09375 0.0625
0.05555555555555555 0.05555555555555555 0.05555555555555555 0.08333333333333333 0.05555555555555555 0.05555555555555555 0.05555555555555555 0.1111111111111111 0.05555555555555555 0.08333333333333333 0.05555555555555555 0.08333333333333333 0.05555555555555555 0.05555555555555555 0.08333333333333333
0.05555555555555555 0.05555555555555555 0.05555555555555555 0.05555555555555555 0.05555555555555555 0.05555555555555555 0.1111111111111111 0.05555555555555555 0.1111111111111111 0.05555555555555555 0.05555555555555555 0.08333333333333333 0.05555555555555555 0.05555555555555555 0.08333333333333333
0.05263157894736842 0.05263157894736842 0.05263157894736842 0.05263157894736842 0.21052631578947367 0.05263157894736842 0.10526315789473684 0.05263157894736842 0.05263157894736842 0.05263157894736842 0.05263157894736842 0.05263157894736842 0.05263157894736842 0.05263157894736842 0.05263157894736842
0.125 0.0625 0.0625 0.0625 0.0625 0.0625 0.0625 0.0625 0.0625 0.0625 0.0625 0.0625 0.0625 0.0625 0.0625
0.058823529411764705 0.058823529411764705 0.058823529411764705 0.11764705882352941 0.08823529411764705 0.08823529411764705 0.058823529411764705 0.058823529411764705 0.058823529411764705 0.058823529411764705 0.058823529411764705 0.058823529411764705 0.058823529411764705 0.058823529411764705 0.058823529411764705
0.0625 0.09375 0.0625 0.0625 0.0625 0.0625 0.0625 0.0625 0.09375 0.0625 0.0625 0.0625 0.0625 0.0625 0.0625
0.05263157894736842 0.07894736842105263 0.05263157894736842 0.13157894736842105 0.05263157894736842 0.07894736842105263 0.05263157894736842 0.05263157894736842 0.07894736842105263 0.05263157894736842 0.05263157894736842 0.05263157894736842 0.07894736842105263 0.07894736842105263 0.05263157894736842
0.05555555555555555 0.05555555555555555 0.08333333333333333 0.05555555555555555 0.1111111111111111 0.05555555555555555 0.05555555555555555 0.1111111111111111 0.05555555555555555 0.05555555555555555 0.08333333333333333 0.05555555555555555 0.05555555555555555 0.05555555555555555 0.05555555555555555
0.045454545454545456 0.045454545454545456 0.06818181818181818 0.045454545454545456 0.11363636363636365 0.045454545454545456 0.045454545454545456 0.045454545454545456 0.045454545454545456 0.11363636363636365 0.11363636363636365 0.045454545454545456 0.06818181818181818 0.09090909090909091 0.06818181818181818
0.0625 0.0625 0.0625 0.0625 0.0625 0.125 0.0625 0.0625 0.0625 0.0625 0.0625 0.0625 0.0625 0.0625 0.0625
0.05263157894736842 0.05263157894736842 0.05263157894736842 0.05263157894736842 0.07894736842105263 0.07894736842105263 0.05263157894736842 0.05263157894736842 0.07894736842105263 0.07894736842105263 0.05263157894736842 0.05263157894736842 0.13157894736842105 0.05263157894736842 0.07894736842105263
0.05555555555555555 0.05555555555555555 0.05555555555555555 0.08333333333333333 0.05555555555555555 0.08333333333333333 0.08333333333333333 0.08333333333333333 0.05555555555555555 0.05555555555555555 0.08333333333333333 0.08333333333333333 0.05555555555555555 0.05555555555555555 0.05555555555555555
0.08823529411764705 0.11764705882352941 0.058823529411764705 0.058823529411764705 0.058823529411764705 0.058823529411764705 0.058823529411764705 0.058823529411764705 0.058823529411764705 0.058823529411764705 0.08823529411764705 0.058823529411764705 0.058823529411764705 0.058823529411764705 0.058823529411764705
0.045454545454545456 0.09090909090909091 0.09090909090909091 0.045454545454545456 0.06818181818181818 0.06818181818181818 0.06818181818181818 0.045454545454545456 0.11363636363636363 0.045454545454545456 0.045454545454545456 0.06818181818181818 0.06818181818181818 0.06818181818181818 0.06818181818181818
0.0625 0.0625 0.0625 0.0625 0.0625 0.0625 0.09375 0.0625 0.0625 0.0625 0.0625 0.0625 0.0625 0.0625 0.09375
0.0625 0.0625 0.0625 0.0625 0.0625 0.0625 0.0625 0.09375 0.0625 0.09375 0.0625 0.0625 0.0625 0.0625 0.0625
0.0625 0.09375 0.0625 0.0625 0.0625 0.0625 0.0625 0.0625 0.0625 0.0625 0.09375 0.0625 0.0625 0.0625 0.0625
0.0625 0.09375 0.0625 0.0625 0.0625 0.0625 0.0625 0.0625 0.0625 0.0625 0.09375 0.0625 0.0625 0.0625 0.0625
0.05 0.07500000000000001 0.05 0.05 0.05 0.05 0.07500000000000001 0.1 0.07500000000000001 0.07500000000000001 0.05 0.07500000000000001 0.05 0.1 0.07500000000000001
0.0625 0.0625 0.0625 0.0625 0.0625 0.0625 0.0625 0.0625 0.0625 0.0625 0.0625 0.09375 0.09375 0.0625 0.0625
0.05555555555555555 0.08333333333333333 0.05555555555555555 0.05555555555555555 0.05555555555555555 0.05555555555555555 0.08333333333333333 0.05555555555555555 0.05555555555555555 0.08333333333333333 0.05555555555555555 0.08333333333333333 0.1111111111111111 0.05555555555555555 0.05555555555555555
0.041666666666666664 0.08333333333333333 0.16666666666666669 0.041666666666666664 0.0625 0.08333333333333333 0.0625 0.0625 0.08333333333333333 0.0625 0.041666666666666664 0.041666666666666664 0.041666666666666664 0.0625 0.0625
0.05263157894736842 0.07894736842105263 0.05263157894736842 0.05263157894736842 0.05263157894736842 0.05263157894736842 0.07894736842105263 0.05263157894736842 0.10526315789473684 0.05263157894736842 0.05263157894736842 0.07894736842105263 0.07894736842105263 0.07894736842105263 0.07894736842105263
0.0625 0.125 0.0625 0.0625 0.0625 0.0625 0.0625 0.0625 0.0625 0.0625 0.0625 0.0625 0.0625 0.0625 0.0625
0.05263157894736842 0.05263157894736842 0.07894736842105263 0.05263157894736842 0.05263157894736842 0.05263157894736842 0.05263157894736842 0.05263157894736842 0.05263157894736842 0.13157894736842105 0.07894736842105263 0.05263157894736842 0.05263157894736842 0.05263157894736842 0.13157894736842105
0.11764705882352941 0.058823529411764705 0.058823529411764705 0.08823529411764705 0.058823529411764705 0.058823529411764705 0.058823529411764705 0.058823529411764705 0.058823529411764705 0.058823529411764705 0.058823529411764705 0.058823529411764705 0.08823529411764705 0.058823529411764705 0.058823529411764705
0.05 0.05 0.07500000000000001 0.05 0.05 0.05 0.07500000000000001 0.07500000000000001 0.07500000000000001 0.05 0.07500000000000001 0.05 0.125 0.1 0.05
0.05 0.05 0.175 0.07500000000000001 0.05 0.05 0.05 0.05 0.05 0.07500000000000001 0.05 0.07500000000000001 0.05 0.05 0.1
0.1111111111111111 0.05555555555555555 0.05555555555555555 0.05555555555555555 0.05555555555555555 0.05555555555555555 0.05555555555555555 0.08333333333333333 0.05555555555555555 0.08333333333333333 0.05555555555555555 0.08333333333333333 0.08333333333333333 0.05555555555555555 0.05555555555555555
0.05 0.07500000000000001 0.05 0.125 0.05 0.05 0.07500000000000001 0.05 0.05 0.07500000000000001 0.05 0.125 0.05 0.07500000000000001 0.05
0.058823529411764705 0.058823529411764705 0.08823529411764705 0.058823529411764705 0.08823529411764705 0.058823529411764705 0.058823529411764705 0.058823529411764705 0.08823529411764705 0.058823529411764705 0.058823529411764705 0.058823529411764705 0.058823529411764705 0.058823529411764705 0.08823529411764705
0.08333333333333333 0.05555555555555555 0.08333333333333333 0.08333333333333333 0.05555555555555555 0.05555555555555555 0.05555555555555555 0.05555555555555555 0.08333333333333333 0.05555555555555555 0.08333333333333333 0.05555555555555555 0.05555555555555555 0.08333333333333333 0.05555555555555555
0.10869565217391304 0.06521739130434782 0.043478260869565216 0.08695652173913043 0.043478260869565216 0.08695652173913043 0.15217391304347827 0.043478260869565216 0.043478260869565216 0.08695652173913043 0.06521739130434782 0.043478260869565216 0.043478260869565216 0.043478260869565216 0.043478260869565216
0.13157894736842105 0.05263157894736842 0.05263157894736842 0.05263157894736842 0.07894736842105263 0.05263157894736842 0.05263157894736842 0.05263157894736842 0.05263157894736842 0.07894736842105263 0.05263157894736842 0.07894736842105263 0.10526315789473684 0.05263157894736842 0.05263157894736842
0.05555555555555555 0.05555555555555555 0.05555555555555555 0.08333333333333333 0.05555555555555555 0.05555555555555555 0.05555555555555555 0.05555555555555555 0.05555555555555555 0.1111111111111111 0.08333333333333333 0.05555555555555555 0.08333333333333333 0.05555555555555555 0.08333333333333333
0.05555555555555555 0.08333333333333333 0.05555555555555555 0.05555555555555555 0.05555555555555555 0.08333333333333333 0.08333333333333333 0.05555555555555555 0.05555555555555555 0.05555555555555555 0.05555555555555555 0.1388888888888889 0.05555555555555555 0.05555555555555555 0.05555555555555555
0.0625 0.0625 0.0625 0.0625 0.0625 0.09375 0.0625 0.0625 0.0625 0.0625 0.0625 0.0625 0.0625 0.09375 0.0625
0.05555555555555555 0.08333333333333333 0.05555555555555555 0.05555555555555555 0.05555555555555555 0.08333333333333333 0.05555555555555555 0.1111111111111111 0.1111111111111111 0.05555555555555555 0.05555555555555555 0.05555555555555555 0.05555555555555555 0.05555555555555555 0.05555555555555555
0.07142857142857142 0.07142857142857142 0.07142857142857142 0.047619047619047616 0.047619047619047616 0.09523809523809523 0.09523809523809523 0.07142857142857142 0.09523809523809523 0.047619047619047616 0.047619047619047616 0.09523809523809523 0.047619047619047616 0.047619047619047616 0.047619047619047616
0.08823529411764705 0.058823529411764705 0.08823529411764705 0.058823529411764705 0.058823529411764705 0.058823529411764705 0.08823529411764705 0.058823529411764705 0.08823529411764705 0.058823529411764705 0.058823529411764705 0.058823529411764705 0.058823529411764705 0.058823529411764705 0.058823529411764705
0.043478260869565216 0.06521739130434782 0.13043478260869565 0.043478260869565216 0.13043478260869565 0.043478260869565216 0.08695652173913043 0.08695652173913043 0.043478260869565216 0.10869565217391304 0.043478260869565216 0.043478260869565216 0.043478260869565216 0.043478260869565216 0.043478260869565216
0.058823529411764705 0.058823529411764705 0.058823529411764705 0.058823529411764705 0.058823529411764705 0.08823529411764705 0.08823529411764705 0.08823529411764705 0.08823529411764705 0.058823529411764705 0.058823529411764705 0.058823529411764705 0.058823529411764705 0.058823529411764705 0.058823529411764705
0.05 0.05 0.05 0.05 0.05 0.1 0.05 0.1 0.05 0.125 0.07500000000000001 0.1 0.05 0.05 0.05
0.06521739130434782 0.043478260869565216 0.043478260869565216 0.08695652173913043 0.06521739130434782 0.19565217391304346 0.043478260869565216 0.06521739130434782 0.06521739130434782 0.043478260869565216 0.06521739130434782 0.043478260869565216 0.043478260869565216 0.043478260869565216 0.08695652173913043
0.0625 0.0625 0.0625 0.0625 0.0625 0.0625 0.0625 0.09375 0.09375 0.0625 0.0625 0.0625 0.0625 0.0625 0.0625
0.0625 0.0625 0.0625 0.0625 0.09375 0.09375 0.0625 0.0625 0.0625 0.0625 0.0625 0.0625 0.0625 0.0625 0.0625
0.045454545454545456 0.06818181818181818 0.09090909090909091 0.06818181818181818 0.06818181818181818 0.20454545454545453 0.045454545454545456 0.06818181818181818 0.045454545454545456 0.06818181818181818 0.045454545454545456 0.045454545454545456 0.045454545454545456 0.045454545454545456 0.045454545454545456
0.058823529411764705 0.08823529411764705 0.08823529411764705 0.058823529411764705 0.058823529411764705 0.08823529411764705 0.058823529411764705 0.058823529411764705 0.058823529411764705 0.058823529411764705 0.08823529411764705 0.058823529411764705 0.058823529411764705 0.058823529411764705 0.058823529411764705
0.0625 0.0625 0.09375 0.0625 0.0625 0.09375 0.0625 0.0625 0.0625 0.0625 0.0625 0.0625 0.0625 0.0625 0.0625
0.0625 0.0625 0.0625 0.0625 0.0625 0.0625 0.09375 0.0625 0.0625 0.0625 0.0625 0.09375 0.0625 0.0625 0.0625
0.07142857142857142 0.03571428571428571 0.03571428571428571 0.07142857142857142 0.03571428571428571 0.03571428571428571 0.05357142857142857 0.08928571428571427 0.05357142857142857 0.03571428571428571 0.10714285714285714 0.17857142857142855 0.07142857142857142 0.07142857142857142 0.05357142857142857
0.06 0.04 0.04 0.06 0.04 0.16 0.08 0.04 0.04 0.08 0.1 0.06 0.08 0.08 0.04
0.045454545454545456 0.06818181818181818 0.045454545454545456 0.06818181818181818 0.09090909090909091 0.045454545454545456 0.06818181818181818 0.045454545454545456 0.06818181818181818 0.11363636363636365 0.06818181818181818 0.09090909090909091 0.06818181818181818 0.045454545454545456 0.06818181818181818
0.0625 0.0625 0.0625 0.0625 0.0625 0.0625 0.0625 0.0625 0.0625 0.0625 0.0625 0.09375 0.0625 0.09375 0.0625
0.05 0.07500000000000001 0.07500000000000001 0.1 0.07500000000000001 0.05 0.07500000000000001 0.07500000000000001 0.07500000000000001 0.05 0.05 0.1 0.05 0.05 0.05
0.1 0.05 0.05 0.05 0.05 0.125 0.1 0.1 0.05 0.05 0.05 0.05 0.05 0.07500000000000001 0.05
0.05 0.05 0.05 0.05 0.1 0.05 0.05 0.05 0.07500000000000001 0.125 0.05 0.1 0.05 0.05 0.1
0.0625 0.0625 0.0625 0.0625 0.0625 0.0625 0.0625 0.0625 0.09375 0.0625 0.0625 0.0625 0.0625 0.09375 0.0625
0.1111111111111111 0.05555555555555555 0.05555555555555555 0.05555555555555555 0.05555555555555555 0.05555555555555555 0.05555555555555555 0.05555555555555555 0.05555555555555555 0.05555555555555555 0.08333333333333333 0.08333333333333333 0.05555555555555555 0.05555555555555555 0.1111111111111111
0.05555555555555555 0.05555555555555555 0.05555555555555555 0.05555555555555555 0.05555555555555555 0.05555555555555555 0.1111111111111111 0.1111111111111111 0.08333333333333333 0.05555555555555555 0.05555555555555555 0.08333333333333333 0.05555555555555555 0.05555555555555555 0.05555555555555555
0.07894736842105263 0.07894736842105263 0.05263157894736842 0.05263157894736842 0.07894736842105263 0.07894736842105263 0.10526315789473684 0.07894736842105263 0.05263157894736842 0.05263157894736842 0.05263157894736842 0.07894736842105263 0.05263157894736842 0.05263157894736842 0.05263157894736842
0.09375 0.0625 0.0625 0.0625 0.0625 0.0625 0.0625 0.0625 0.0625 0.0625 0.0625 0.0625 0.0625 0.0625 0.09375
0.05555555555555555 0.05555555555555555 0.05555555555555555 0.05555555555555555 0.05555555555555555 0.1111111111111111 0.05555555555555555 0.05555555555555555 0.05555555555555555 0.05555555555555555 0.08333333333333333 0.05555555555555555 0.1111111111111111 0.08333333333333333 0.05555555555555555
0.05263157894736842 0.05263157894736842 0.05263157894736842 0.05263157894736842 0.05263157894736842 0.07894736842105263 0.05263157894736842 0.07894736842105263 0.05263157894736842 0.07894736842105263 0.05263157894736842 0.13157894736842105 0.05263157894736842 0.10526315789473684 0.05263157894736842
0.08333333333333333 0.05555555555555555 0.05555555555555555 0.05555555555555555 0.08333333333333333 0.08333333333333333 0.08333333333333333 0.05555555555555555 0.05555555555555555 0.05555555555555555 0.05555555555555555 0.05555555555555555 0.1111111111111111 0.05555555555555555 0.05555555555555555
0.07142857142857142 0.047619047619047616 0.07142857142857142 0.09523809523809523 0.07142857142857142 0.047619047619047616 0.047619047619047616 0.047619047619047616 0.07142857142857142 0.047619047619047616 0.047619047619047616 0.07142857142857142 0.14285714285714285 0.047619047619047616 0.07142857142857142
0.058823529411764705 0.058823529411764705 0.058823529411764705 0.08823529411764705 0.058823529411764705 0.08823529411764705 0.058823529411764705 0.058823529411764705 0.058823529411764705 0.058823529411764705 0.058823529411764705 0.058823529411764705 0.08823529411764705 0.08823529411764705 0.058823529411764705
0.058823529411764705 0.11764705882352941 0.058823529411764705 0.058823529411764705 0.058823529411764705 0.08823529411764705 0.058823529411764705 0.058823529411764705 0.058823529411764705 0.058823529411764705 0.08823529411764705 0.058823529411764705 0.058823529411764705 0.058823529411764705 0.058823529411764705
0.05 0.05 0.05 0.05 0.05 0.175 0.05 0.05 0.07500000000000001 0.07500000000000001 0.05 0.05 0.05 0.05 0.125
0.125 0.0625 0.0625 0.0625 0.0625 0.0625 0.0625 0.0625 0.0625 0.0625 0.0625 0.0625 0.0625 0.0625 0.0625
0.10526315789473684 0.05263157894736842 0.05263157894736842 0.07894736842105263 0.07894736842105263 0.05263157894736842 0.10526315789473684 0.05263157894736842 0.05263157894736842 0.05263157894736842 0.05263157894736842 0.10526315789473684 0.05263157894736842 0.05263157894736842 0.05263157894736842
0.09375 0.0625 0.0625 0.0625 0.0625 0.0625 0.0625 0.0625 0.0625 0.0625 0.0625 0.0625 0.0625 0.09375 0.0625
0.05555555555555555 0.05555555555555555 0.08333333333333333 0.08333333333333333 0.05555555555555555 0.05555555555555555 0.08333333333333333 0.05555555555555555 0.08333333333333333 0.05555555555555555 0.05555555555555555 0.08333333333333333 0.05555555555555555 0.05555555555555555 0.08333333333333333
0.0625 0.0625 0.0625 0.0625 0.0625 0.0625 0.0625 0.0625 0.0625 0.125 0.0625 0.0625 0.0625 0.0625 0.0625
0.0625 0.0625 0.0625 0.0625 0.0625 0.0625 0.0625 0.0625 0.0625 0.09375 0.0625 0.09375 0.0625 0.0625 0.0625
0.08823529411764705 0.058823529411764705 0.058823529411764705 0.058823529411764705 0.058823529411764705 0.058823529411764705 0.08823529411764705 0.058823529411764705 0.058823529411764705 0.058823529411764705 0.058823529411764705 0.058823529411764705 0.11764705882352941 0.058823529411764705 0.058823529411764705
0.08823529411764705 0.08823529411764705 0.058823529411764705 0.058823529411764705 0.058823529411764705 0.058823529411764705 0.058823529411764705 0.058823529411764705 0.058823529411764705 0.058823529411764705 0.08823529411764705 0.08823529411764705 0.058823529411764705 0.058823529411764705 0.058823529411764705
0.10416666666666666 0.08333333333333333 0.0625 0.0625 0.041666666666666664 0.041666666666666664 0.041666666666666664 0.041666666666666664 0.125 0.041666666666666664 0.10416666666666666 0.0625 0.08333333333333333 0.041666666666666664 0.0625
0.07500000000000001 0.05 0.07500000000000001 0.05 0.1 0.05 0.05 0.07500000000000001 0.07500000000000001 0.05 0.05 0.05 0.1 0.05 0.1
0.058823529411764705 0.08823529411764705 0.058823529411764705 0.08823529411764705 0.058823529411764705 0.058823529411764705 0.08823529411764705 0.058823529411764705 0.058823529411764705 0.058823529411764705 0.058823529411764705 0.058823529411764705 0.058823529411764705 0.058823529411764705 0.08823529411764705
0.09375 0.0625 0.0625 0.0625 0.0625 0.09375 0.0625 0.0625 0.0625 0.0625 0.0625 0.0625 0.0625 0.0625 0.0625
0.05 0.05 0.05 0.1 0.1 0.05 0.05 0.05 0.1 0.05 0.07500000000000001 0.05 0.05 0.05 0.125
0.058823529411764705 0.08823529411764705 0.08823529411764705 0.058823529411764705 0.058823529411764705 0.058823529411764705 0.058823529411764705 0.058823529411764705 0.058823529411764705 0.058823529411764705 0.11764705882352941 0.058823529411764705 0.058823529411764705 0.058823529411764705 0.058823529411764705
0.058823529411764705 0.08823529411764705 0.058823529411764705 0.058823529411764705 0.08823529411764705 0.058823529411764705 0.058823529411764705 0.058823529411764705 0.058823529411764705 0.058823529411764705 0.058823529411764705 0.058823529411764705 0.08823529411764705 0.058823529411764705 0.08823529411764705
0.08823529411764705 0.058823529411764705 0.058823529411764705 0.058823529411764705 0.08823529411764705 0.058823529411764705 0.058823529411764705 0.058823529411764705 0.058823529411764705 0.058823529411764705 0.058823529411764705 0.058823529411764705 0.08823529411764705 0.08823529411764705 0.058823529411764705
0.0625 0.0625 0.0625 0.0625 0.0625 0.09375 0.0625 0.0625 0.0625 0.0625 0.0625 0.09375 0.0625 0.0625 0.0625
0.058823529411764705 0.058823529411764705 0.058823529411764705 0.11764705882352941 0.058823529411764705 0.058823529411764705 0.058823529411764705 0.058823529411764705 0.058823529411764705 0.08823529411764705 0.08823529411764705 0.058823529411764705 0.058823529411764705 0.058823529411764705 0.058823529411764705
0.05263157894736842 0.05263157894736842 0.07894736842105263 0.13157894736842105 0.05263157894736842 0.05263157894736842 0.05263157894736842 0.05263157894736842 0.05263157894736842 0.05263157894736842 0.05263157894736842 0.07894736842105263 0.05263157894736842 0.13157894736842105 0.05263157894736842
0.09375 0.0625 0.0625 0.0625 0.0625 0.0625 0.0625 0.0625 0.0625 0.0625 0.0625 0.0625 0.0625 0.0625 0.09375
0.0625 0.0625 0.0625 0.0625 0.0625 0.0625 0.0625 0.0625 0.0625 0.0625 0.0625 0.09375 0.0625 0.09375 0.0625
0.0625 0.0625 0.0625 0.0625 0.0625 0.0625 0.0625 0.0625 0.0625 0.0625 0.0625 0.09375 0.0625 0.0625 0.09375
0.06818181818181818 0.045454545454545456 0.045454545454545456 0.09090909090909091 0.06818181818181818 0.045454545454545456 0.11363636363636365 0.06818181818181818 0.06818181818181818 0.045454545454545456 0.045454545454545456 0.045454545454545456 0.06818181818181818 0.09090909090909091 0.09090909090909091
0.1 0.05 0.05 0.05 0.07500000000000001 0.07500000000000001 0.05 0.1 0.07500000000000001 0.05 0.1 0.05 0.05 0.05 0.07500000000000001
0.05263157894736842 0.07894736842105263 0.05263157894736842 0.07894736842105263 0.05263157894736842 0.05263157894736842 0.05263157894736842 0.05263157894736842 0.15789473684210525 0.05263157894736842 0.05263157894736842 0.05263157894736842 0.07894736842105263 0.07894736842105263 0.05263157894736842
0.0625 0.125 0.0625 0.0625 0.0625 0.0625 0.0625 0.0625 0.0625 0.0625 0.0625 0.0625 0.0625 0.0625 0.0625
0.057692307692307696 0.09615384615384616 0.057692307692307696 0.038461538461538464 0.038461538461538464 0.038461538461538464 0.07692307692307693 0.17307692307692307 0.038461538461538464 0.09615384615384616 0.038461538461538464 0.057692307692307696 0.038461538461538464 0.09615384615384616 0.057692307692307696
0.05263157894736842 0.05263157894736842 0.05263157894736842 0.13157894736842105 0.07894736842105263 0.05263157894736842 0.07894736842105263 0.05263157894736842 0.05263157894736842 0.10526315789473684 0.05263157894736842 0.05263157894736842 0.05263157894736842 0.07894736842105263 0.05263157894736842
0.07894736842105263 0.07894736842105263 0.05263157894736842 0.05263157894736842 0.05263157894736842 0.07894736842105263 0.07894736842105263 0.05263157894736842 0.05263157894736842 0.07894736842105263 0.07894736842105263 0.07894736842105263 0.05263157894736842 0.07894736842105263 0.05263157894736842
0.058823529411764705 0.08823529411764705 0.058823529411764705 0.058823529411764705 0.058823529411764705 0.058823529411764705 0.14705882352941177 0.058823529411764705 0.058823529411764705 0.058823529411764705 0.058823529411764705 0.058823529411764705 0.058823529411764705 0.058823529411764705 0.058823529411764705
0.07500000000000001 0.05 0.07500000000000001 0.05 0.07500000000000001 0.05 0.05 0.05 0.05 0.1 0.05 0.125 0.05 0.07500000000000001 0.07500000000000001
0.05263157894736842 0.10526315789473684 0.05263157894736842 0.07894736842105263 0.05263157894736842 0.07894736842105263 0.05263157894736842 0.05263157894736842 0.07894736842105263 0.05263157894736842 0.07894736842105263 0.10526315789473684 0.05263157894736842 0.05263157894736842 0.05263157894736842
0.058823529411764705 0.058823529411764705 0.058823529411764705 0.11764705882352941 0.058823529411764705 0.058823529411764705 0.058823529411764705 0.08823529411764705 0.058823529411764705 0.058823529411764705 0.08823529411764705 0.058823529411764705 0.058823529411764705 0.058823529411764705 0.058823529411764705
0.0625 0.0625 0.0625 0.09375 0.09375 0.0625 0.0625 0.0625 0.0625 0.0625 0.0625 0.0625 0.0625 0.0625 0.0625
0.058823529411764705 0.058823529411764705 0.08823529411764705 0.08823529411764705 0.058823529411764705 0.058823529411764705 0.058823529411764705 0.058823529411764705 0.058823529411764705 0.058823529411764705 0.058823529411764705 0.08823529411764705 0.058823529411764705 0.058823529411764705 0.08823529411764705
0.05 0.05 0.05 0.07500000000000001 0.07500000000000001 0.05 0.07500000000000001 0.05 0.07500000000000001 0.1 0.07500000000000001 0.1 0.05 0.07500000000000001 0.05
