0.06319444444444444 0.06666666666666667 0.0625 0.07291666666666667 0.06319444444444444 0.07569444444444444 0.0798611111111111 0.06805555555555555 0.06458333333333334 0.0625 0.0625 0.06666666666666667 0.0625 0.06388888888888888 0.06527777777777778
0.08518518518518504 0.10308641975308627 0.05740740740740729 0.07037037037037024 0.05925925925925915 0.06172839506172829 0.0604938271604937 0.06111111111111099 0.07037037037037025 0.06049382716049371 0.05555555555555545 0.061728395061728274 0.059876543209876426 0.06296296296296283 0.07037037037037022
0.04487179487179484 0.05085470085470081 0.039743589743589706 0.21324786324786327 0.05213675213675211 0.05256410256410252 0.050427350427350366 0.06324786324786319 0.0794871794871794 0.0525641025641025 0.04444444444444443 0.044017094017093965 0.05170940170940167 0.10726495726495713 0.053418803418803375
0.07444444444444434 0.11722222222222221 0.050555555555555465 0.07999999999999988 0.054999999999999924 0.05944444444444435 0.058333333333333244 0.05888888888888881 0.06611111111111101 0.06611111111111104 0.05111111111111103 0.05333333333333324 0.07055555555555547 0.06833333333333326 0.07055555555555543
0.06999999999999991 0.05888888888888881 0.05166666666666658 0.15277777777777782 0.04999999999999991 0.055555555555555455 0.06666666666666657 0.06166666666666658 0.05222222222222214 0.10555555555555547 0.05166666666666658 0.053888888888888806 0.052222222222222135 0.0638888888888888 0.05333333333333324
0.06458333333333334 0.06666666666666667 0.06319444444444444 0.07430555555555556 0.06805555555555555 0.07083333333333333 0.06458333333333334 0.06527777777777778 0.07222222222222222 0.06319444444444444 0.06319444444444444 0.06527777777777778 0.06458333333333334 0.06944444444444445 0.06458333333333334
0.05555555555555545 0.10246913580246898 0.058641975308641854 0.10185185185185167 0.06296296296296285 0.05925925925925914 0.062345679012345556 0.06172839506172829 0.05864197530864187 0.058024691358024585 0.05617283950617273 0.061728395061728274 0.06234567901234558 0.06913580246913567 0.06913580246913567
0.06319444444444444 0.06944444444444445 0.0625 0.09236111111111112 0.06527777777777778 0.06527777777777778 0.06319444444444444 0.0625 0.0625 0.0625 0.0625 0.0625 0.0625 0.0798611111111111 0.06388888888888888
0.051851851851851774 0.05978835978835972 0.05449735449735442 0.08359788359788353 0.0761904761904761 0.059259259259259185 0.06455026455026446 0.061375661375661285 0.05449735449735442 0.10846560846560833 0.050793650793650724 0.051851851851851774 0.05661375661375654 0.11164021164021155 0.05502645502645495
0.08011695906432752 0.0871345029239766 0.056725146198830394 0.06783625730994153 0.0573099415204678 0.06666666666666662 0.06432748538011693 0.06432748538011693 0.05438596491228071 0.05789473684210525 0.055555555555555566 0.05789473684210526 0.07251461988304102 0.05847953216374269 0.09883040935672509
0.08011695906432748 0.057309941520467825 0.05438596491228071 0.1438596491228068 0.0935672514619883 0.05789473684210525 0.0543859649122807 0.057309941520467825 0.05730994152046782 0.05555555555555555 0.05438596491228069 0.06257309941520466 0.05614035087719299 0.056725146198830394 0.05847953216374265
0.052631578947368425 0.06023391812865496 0.05321637426900584 0.07953216374269007 0.05497076023391813 0.0567251461988304 0.055555555555555546 0.05321637426900585 0.05497076023391812 0.10233918128654967 0.05321637426900585 0.05438596491228069 0.07192982456140345 0.0672514619883041 0.1298245614035086
0.053801169590643266 0.06432748538011694 0.05321637426900585 0.0923976608187135 0.05964912280701752 0.0590643274853801 0.05847953216374269 0.056725146198830394 0.05497076023391812 0.15146198830409333 0.052631578947368425 0.056725146198830394 0.05555555555555555 0.06959064327485377 0.061403508771929835
0.0567251461988304 0.06140350877192982 0.05438596491228068 0.06842105263157894 0.07017543859649124 0.0678362573099415 0.06725146198830406 0.06549707602339176 0.06140350877192982 0.06023391812865499 0.053801169590643266 0.05497076023391813 0.05497076023391812 0.1461988304093566 0.0567251461988304
0.046464646464646445 0.0494949494949495 0.04646464646464645 0.206060606060606 0.05101010101010104 0.04696969696969696 0.04848484848484848 0.047474747474747475 0.09343434343434344 0.13181818181818197 0.04747474747474746 0.04595959595959594 0.046464646464646445 0.04646464646464645 0.04595959595959594
0.05353535353535357 0.055050505050505065 0.04797979797979797 0.2186868686868688 0.04696969696969696 0.04797979797979798 0.05101010101010102 0.047474747474747475 0.04696969696969696 0.04797979797979798 0.0803030303030303 0.04898989898989898 0.06565656565656562 0.053535353535353554 0.087878787878788
0.04898989898989899 0.057575757575757606 0.06969696969696976 0.05252525252525256 0.0494949494949495 0.05757575757575762 0.054545454545454564 0.05909090909090916 0.053030303030303046 0.05101010101010104 0.0494949494949495 0.05151515151515155 0.10808080808080814 0.05151515151515154 0.1858585858585858
0.061437908496731905 0.06013071895424823 0.0614379084967319 0.06470588235294106 0.12287581699346384 0.0614379084967319 0.06274509803921556 0.06339869281045737 0.06470588235294104 0.06666666666666653 0.06078431372549007 0.06405228758169922 0.0594771241830064 0.06339869281045737 0.06274509803921555
0.055555555555555455 0.05833333333333324 0.052222222222222135 0.08388888888888878 0.0549999999999999 0.13555555555555565 0.06833333333333323 0.056666666666666574 0.05166666666666658 0.07944444444444436 0.0527777777777777 0.05444444444444437 0.06222222222222213 0.07499999999999993 0.058888888888888796
0.06013071895424823 0.06862745098039201 0.06274509803921557 0.06862745098039201 0.06013071895424823 0.08039215686274494 0.06535947712418287 0.06862745098039204 0.0640522875816992 0.06013071895424823 0.062091503267973726 0.08692810457516327 0.0614379084967319 0.06601307189542473 0.06470588235294104
0.06527777777777778 0.06527777777777778 0.0625 0.06805555555555555 0.06805555555555555 0.07361111111111111 0.06736111111111111 0.06805555555555555 0.06597222222222222 0.06388888888888888 0.06388888888888888 0.06805555555555555 0.06458333333333334 0.07083333333333333 0.06458333333333334
0.05380116959064327 0.059649122807017514 0.055555555555555546 0.08947368421052636 0.06374269005847948 0.05906432748538007 0.06257309941520466 0.05614035087719298 0.05497076023391813 0.11461988304093555 0.10000000000000002 0.055555555555555546 0.06023391812865492 0.05906432748538011 0.05555555555555555
0.09513888888888888 0.06944444444444445 0.06319444444444444 0.06388888888888888 0.06319444444444444 0.06458333333333334 0.06458333333333334 0.06458333333333334 0.06458333333333334 0.06597222222222222 0.0625 0.06527777777777778 0.06527777777777778 0.06458333333333334 0.06319444444444444
0.06388888888888888 0.06666666666666667 0.06319444444444444 0.06458333333333334 0.0625 0.09513888888888888 0.06805555555555555 0.06666666666666667 0.0625 0.06388888888888888 0.06388888888888888 0.06388888888888888 0.06388888888888888 0.06736111111111111 0.06388888888888888
0.06388888888888888 0.06597222222222222 0.06388888888888888 0.06666666666666667 0.06597222222222222 0.075 0.06527777777777778 0.06736111111111111 0.06527777777777778 0.06388888888888888 0.06388888888888888 0.06319444444444444 0.07222222222222222 0.06527777777777778 0.07222222222222222
0.17647058823529385 0.05882352941176457 0.05882352941176457 0.05882352941176457 0.05882352941176457 0.05882352941176457 0.05882352941176457 0.05882352941176457 0.05882352941176457 0.05882352941176457 0.05882352941176457 0.05882352941176457 0.05882352941176457 0.05882352941176457 0.05882352941176457
0.059876543209876426 0.06296296296296283 0.05864197530864187 0.05679012345679001 0.059876543209876426 0.07222222222222209 0.06851851851851841 0.06604938271604927 0.11419753086419734 0.05925925925925915 0.058641975308641854 0.07839506172839492 0.06049382716049371 0.06481481481481469 0.05925925925925916
0.16601307189542458 0.0594771241830064 0.05882352941176457 0.0594771241830064 0.06013071895424824 0.06078431372549007 0.05882352941176457 0.0594771241830064 0.05882352941176457 0.059477124183006415 0.05882352941176457 0.060784313725490056 0.05882352941176457 0.061437908496731905 0.05882352941176457
0.12222222222222212 0.06315789473684208 0.10643274853801168 0.055555555555555546 0.05672514619883039 0.06666666666666665 0.07076023391812868 0.05380116959064329 0.05730994152046782 0.05847953216374265 0.05380116959064327 0.05497076023391813 0.06023391812865496 0.06140350877192982 0.0584795321637427
0.22999999999999987 0.055555555555555455 0.04999999999999991 0.0527777777777777 0.05388888888888881 0.06333333333333324 0.061666666666666564 0.05777777777777768 0.05444444444444436 0.052222222222222135 0.052222222222222135 0.0538888888888888 0.05222222222222213 0.05611111111111102 0.053888888888888806
0.2249999999999998 0.04999999999999991 0.0944444444444443 0.050555555555555465 0.04999999999999991 0.05111111111111103 0.05055555555555547 0.050555555555555465 0.05111111111111103 0.07388888888888877 0.05055555555555547 0.05111111111111103 0.05055555555555547 0.05055555555555547 0.04999999999999991
0.15789473684210492 0.05321637426900584 0.053801169590643266 0.052631578947368425 0.10350877192982458 0.053801169590643266 0.052631578947368425 0.052631578947368425 0.10058479532163744 0.05321637426900584 0.052631578947368425 0.05321637426900585 0.052631578947368425 0.05380116959064327 0.05380116959064329
0.31915708812260535 0.0390804597701149 0.06513409961685816 0.03563218390804594 0.07203065134099611 0.07624521072796936 0.046743295019157055 0.039463601532567 0.07279693486590036 0.046743295019157055 0.03563218390804594 0.03984674329501912 0.03639846743295015 0.03869731800766279 0.03639846743295015
0.11419753086419732 0.06419753086419741 0.05555555555555545 0.06049382716049371 0.05864197530864187 0.061728395061728274 0.06111111111111099 0.06666666666666655 0.0574074074074073 0.05679012345679001 0.05679012345679001 0.05679012345679001 0.05802469135802457 0.05864197530864187 0.11296296296296277
0.05438596491228071 0.05555555555555557 0.13274853801169573 0.0543859649122807 0.09122807017543863 0.052631578947368425 0.05321637426900584 0.057309941520467804 0.055555555555555546 0.10233918128654972 0.07426900584795319 0.05438596491228071 0.054970760233918115 0.05380116959064327 0.05321637426900584
0.05166666666666657 0.05055555555555547 0.10222222222222221 0.05499999999999991 0.050555555555555465 0.04999999999999991 0.04999999999999991 0.05611111111111102 0.13833333333333353 0.09166666666666654 0.10000000000000003 0.04999999999999991 0.05055555555555547 0.05166666666666657 0.05166666666666658
0.05679012345679001 0.06358024691358014 0.12098765432098749 0.058024691358024585 0.05679012345679001 0.0604938271604937 0.06234567901234558 0.06728395061728384 0.05555555555555545 0.061111111111111005 0.11049382716049368 0.05679012345679001 0.05679012345679001 0.05617283950617273 0.05679012345679001
0.07283950617283938 0.1240740740740739 0.0759259259259258 0.05802469135802457 0.0574074074074073 0.06111111111111099 0.05802469135802457 0.05925925925925916 0.05740740740740729 0.05555555555555545 0.08641975308641961 0.058641975308641875 0.05617283950617273 0.062345679012345556 0.05679012345679001
0.05730994152046782 0.05614035087719301 0.14736842105263137 0.05438596491228071 0.053801169590643266 0.05438596491228069 0.054970760233918115 0.056725146198830394 0.0549707602339181 0.056725146198830394 0.08421052631578949 0.05672514619883039 0.07134502923976604 0.056725146198830394 0.08421052631578954
0.05740740740740729 0.05925925925925916 0.05679012345679001 0.10617283950617264 0.06543209876543196 0.058024691358024585 0.05617283950617273 0.05987654320987642 0.05679012345679001 0.05617283950617273 0.05555555555555545 0.05617283950617273 0.06358024691358014 0.09999999999999983 0.09259259259259243
0.05617283950617273 0.06234567901234556 0.05555555555555545 0.05555555555555545 0.05802469135802457 0.05617283950617273 0.05617283950617273 0.05740740740740729 0.058024691358024585 0.0574074074074073 0.05679012345679001 0.1617283950617282 0.061728395061728274 0.05740740740740729 0.08950617283950603
0.05222222222222214 0.053888888888888806 0.05111111111111103 0.09666666666666653 0.10277777777777762 0.05611111111111103 0.05111111111111103 0.06944444444444431 0.053888888888888806 0.05166666666666658 0.05166666666666658 0.055555555555555476 0.11499999999999998 0.05444444444444436 0.08444444444444438
0.06527777777777778 0.07013888888888889 0.06458333333333334 0.06666666666666667 0.06388888888888888 0.06597222222222222 0.06805555555555555 0.075 0.06527777777777778 0.06527777777777778 0.06597222222222222 0.06527777777777778 0.06458333333333334 0.06805555555555555 0.06597222222222222
0.050793650793650724 0.09576719576719564 0.10582010582010581 0.05132275132275124 0.05079365079365073 0.05661375661375653 0.111111111111111 0.05661375661375653 0.0777777777777777 0.048677248677248604 0.0867724867724867 0.050793650793650724 0.050793650793650724 0.05291005291005285 0.053439153439153377
0.06319444444444444 0.06388888888888888 0.0625 0.0625 0.06319444444444444 0.06388888888888888 0.06388888888888888 0.06527777777777778 0.1125 0.06319444444444444 0.0625 0.06458333333333334 0.06319444444444444 0.06319444444444444 0.0625
0.05925925925925915 0.059876543209876426 0.1302469135802467 0.05617283950617273 0.05740740740740729 0.05925925925925914 0.058024691358024585 0.06296296296296285 0.10308641975308623 0.05802469135802457 0.06666666666666655 0.05740740740740729 0.058024691358024585 0.05555555555555545 0.05802469135802457
0.059477124183006415 0.05882352941176457 0.1692810457516337 0.05882352941176457 0.05882352941176457 0.0594771241830064 0.059477124183006415 0.0594771241830064 0.0594771241830064 0.05882352941176457 0.06013071895424823 0.0594771241830064 0.05882352941176457 0.06013071895424823 0.059477124183006415
0.05444444444444436 0.053888888888888806 0.2305555555555555 0.053333333333333253 0.053888888888888806 0.05444444444444435 0.05777777777777768 0.06444444444444435 0.05166666666666658 0.052222222222222135 0.06277777777777768 0.05222222222222214 0.05166666666666658 0.0527777777777777 0.05388888888888881
0.0567251461988304 0.05555555555555555 0.11988304093567238 0.05380116959064327 0.057309941520467804 0.055555555555555546 0.07426900584795317 0.05730994152046784 0.054970760233918115 0.05789473684210523 0.09122807017543856 0.05672514619883039 0.054970760233918115 0.10116959064327487 0.052631578947368425
0.05617283950617273 0.06111111111111099 0.16296296296296273 0.05740740740740729 0.05679012345679001 0.06111111111111099 0.05925925925925915 0.06049382716049371 0.058024691358024585 0.05925925925925915 0.05740740740740729 0.059876543209876426 0.06049382716049371 0.05679012345679001 0.07283950617283938
0.05882352941176457 0.05882352941176457 0.1555555555555553 0.05882352941176457 0.05882352941176457 0.05882352941176457 0.05882352941176457 0.05882352941176457 0.05882352941176457 0.05882352941176457 0.07843137254901945 0.05882352941176457 0.05882352941176457 0.06013071895424823 0.05882352941176457
0.0705882352941175 0.06078431372549007 0.060784313725490056 0.0640522875816992 0.06470588235294104 0.09934640522875801 0.06993464052287568 0.06470588235294104 0.062091503267973726 0.061437908496731884 0.061437908496731905 0.06339869281045737 0.06601307189542471 0.0660130718954247 0.06470588235294106
0.06458333333333334 0.0763888888888889 0.0625 0.06319444444444444 0.0625 0.06458333333333334 0.09791666666666667 0.06458333333333334 0.06319444444444444 0.06319444444444444 0.0625 0.06388888888888888 0.06388888888888888 0.06458333333333334 0.0625
0.06319444444444444 0.10486111111111111 0.0625 0.06736111111111111 0.06319444444444444 0.06388888888888888 0.07152777777777777 0.06319444444444444 0.0625 0.06319444444444444 0.06319444444444444 0.06319444444444444 0.0625 0.06319444444444444 0.0625
0.0625 0.06458333333333334 0.0625 0.0625 0.0625 0.11805555555555555 0.06527777777777778 0.06319444444444444 0.0625 0.0625 0.06319444444444444 0.0625 0.0625 0.0625 0.06319444444444444
0.05730994152046782 0.06081871345029241 0.054970760233918115 0.060233918128654945 0.0643274853801169 0.06257309941520463 0.07660818713450283 0.05555555555555555 0.05321637426900586 0.05555555555555554 0.05321637426900585 0.17894736842105274 0.05380116959064327 0.05614035087719294 0.05672514619883037
0.06862745098039201 0.06339869281045739 0.059477124183006415 0.06078431372549007 0.06339869281045737 0.06339869281045739 0.06470588235294103 0.06797385620915018 0.062091503267973726 0.06274509803921555 0.059477124183006415 0.060784313725490056 0.06470588235294106 0.06274509803921556 0.1156862745098037
0.06975308641975296 0.06296296296296285 0.06049382716049371 0.06481481481481469 0.059876543209876426 0.07098765432098755 0.06913580246913568 0.08827160493827146 0.06481481481481469 0.058024691358024585 0.05740740740740729 0.0648148148148147 0.0679012345679011 0.06419753086419741 0.07654320987654308
0.05055555555555547 0.05777777777777768 0.05111111111111103 0.07277777777777769 0.05111111111111102 0.05444444444444435 0.052222222222222135 0.096111111111111 0.05111111111111102 0.05166666666666658 0.050555555555555465 0.052222222222222135 0.08944444444444449 0.06055555555555546 0.15833333333333327
0.06319444444444444 0.07569444444444444 0.0625 0.06319444444444444 0.0625 0.06458333333333334 0.09930555555555555 0.06527777777777778 0.06388888888888888 0.06319444444444444 0.0625 0.06319444444444444 0.06388888888888888 0.06388888888888888 0.06319444444444444
0.08838383838383843 0.05656565656565661 0.048989898989899 0.08131313131313134 0.05202020202020206 0.136868686868687 0.06919191919191925 0.08636363636363642 0.05151515151515152 0.05101010101010102 0.0494949494949495 0.0505050505050505 0.05505050505050511 0.06767676767676768 0.055050505050505086
0.07647058823529397 0.0679738562091502 0.0594771241830064 0.06470588235294106 0.06666666666666653 0.07254901960784298 0.06732026143790837 0.072549019607843 0.0614379084967319 0.06405228758169922 0.06078431372549007 0.0614379084967319 0.07124183006535935 0.06535947712418289 0.06797385620915017
0.06458333333333334 0.06458333333333334 0.06319444444444444 0.07291666666666667 0.06319444444444444 0.08263888888888889 0.07083333333333333 0.06875 0.0625 0.06388888888888888 0.06319444444444444 0.06388888888888888 0.06458333333333334 0.06458333333333334 0.06666666666666667
0.04973544973544967 0.05238095238095229 0.04867724867724861 0.05132275132275125 0.09629629629629625 0.05291005291005283 0.053439153439153335 0.05185185185185177 0.048677248677248604 0.05132275132275125 0.05185185185185179 0.24179894179894146 0.04867724867724861 0.05238095238095231 0.04867724867724861
0.06319444444444444 0.06388888888888888 0.0625 0.06319444444444444 0.06319444444444444 0.0625 0.06319444444444444 0.0625 0.0625 0.0625 0.06319444444444444 0.06319444444444444 0.11805555555555555 0.06388888888888888 0.0625
0.05679012345679001 0.059876543209876426 0.05617283950617273 0.05679012345679001 0.05679012345679001 0.1339506172839504 0.06419753086419741 0.06543209876543199 0.05555555555555545 0.06358024691358012 0.05555555555555545 0.059876543209876426 0.05987654320987644 0.06172839506172829 0.09382716049382699
0.06319444444444444 0.06388888888888888 0.06388888888888888 0.0625 0.06388888888888888 0.06527777777777778 0.06597222222222222 0.10486111111111111 0.06388888888888888 0.0625 0.0625 0.06388888888888888 0.06388888888888888 0.06388888888888888 0.06597222222222222
0.06319444444444444 0.06736111111111111 0.0625 0.06319444444444444 0.06458333333333334 0.06597222222222222 0.06458333333333334 0.06527777777777778 0.06319444444444444 0.09166666666666666 0.06527777777777778 0.06388888888888888 0.07013888888888889 0.06458333333333334 0.06458333333333334
0.06666666666666653 0.06535947712418287 0.062091503267973726 0.07385620915032666 0.07320261437908483 0.0679738562091502 0.06470588235294104 0.062091503267973726 0.08039215686274497 0.06470588235294104 0.06078431372549007 0.06535947712418287 0.062091503267973726 0.06601307189542471 0.06470588235294104
0.06736111111111111 0.06666666666666667 0.06319444444444444 0.06458333333333334 0.06736111111111111 0.07361111111111111 0.06597222222222222 0.07152777777777777 0.06388888888888888 0.06388888888888888 0.06944444444444445 0.06736111111111111 0.06597222222222222 0.06458333333333334 0.06458333333333334
0.051851851851851774 0.11851851851851837 0.050793650793650724 0.06984126984126976 0.05291005291005283 0.06984126984126973 0.06984126984126973 0.058201058201058135 0.061375661375661306 0.05343915343915337 0.05026455026455019 0.06719576719576711 0.05449735449735444 0.10793650793650783 0.06349206349206342
0.06013071895424824 0.06209150326797371 0.11307189542483635 0.06274509803921555 0.0594771241830064 0.0836601307189541 0.06666666666666653 0.06274509803921555 0.06013071895424824 0.06013071895424824 0.06013071895424824 0.0640522875816992 0.0614379084967319 0.06274509803921555 0.060784313725490056
0.05617283950617273 0.05925925925925915 0.05555555555555545 0.059876543209876426 0.05740740740740729 0.06049382716049371 0.06851851851851841 0.06913580246913567 0.07160493827160483 0.13333333333333316 0.058641975308641854 0.06172839506172829 0.06790123456790112 0.06111111111111099 0.05925925925925914
0.05614035087719298 0.060233918128654945 0.05380116959064327 0.05438596491228069 0.05555555555555554 0.05614035087719297 0.05614035087719297 0.05555555555555555 0.05321637426900585 0.16432748538011668 0.05321637426900585 0.05847953216374267 0.06257309941520464 0.05614035087719296 0.10409356725146196
0.06928104575163384 0.06535947712418287 0.0640522875816992 0.06013071895424824 0.06013071895424824 0.0660130718954247 0.06470588235294104 0.0633986928104574 0.061437908496731884 0.11830065359477097 0.06078431372549007 0.062091503267973726 0.06013071895424824 0.06470588235294104 0.0594771241830064
0.05444444444444436 0.09722222222222208 0.13000000000000003 0.0549999999999999 0.05166666666666658 0.05111111111111102 0.05444444444444437 0.055555555555555476 0.05222222222222214 0.07722222222222215 0.10722222222222223 0.05333333333333324 0.05111111111111103 0.056666666666666574 0.0527777777777777
0.10338164251207736 0.10241545893719808 0.10483091787439619 0.04637681159420297 0.05507246376811606 0.057004830917874484 0.0473429951690822 0.049758454106280284 0.04637681159420299 0.04492753623188414 0.046859903381642594 0.046859903381642594 0.045893719806763364 0.1251207729468598 0.07777777777777786
0.0935672514619883 0.0567251461988304 0.14269005847953195 0.06257309941520463 0.056725146198830415 0.06198830409356724 0.0573099415204678 0.05964912280701752 0.0543859649122807 0.058479532163742666 0.05964912280701756 0.05497076023391814 0.05497076023391813 0.06842105263157892 0.05789473684210524
0.046376811594202975 0.05797101449275372 0.25362318840579684 0.046859903381642594 0.04830917874396144 0.053140096618357585 0.05265700483091795 0.053140096618357564 0.049758454106280284 0.0850241545893721 0.057487922705314096 0.04879227053140105 0.04685990338164258 0.05024154589371988 0.049758454106280256
0.044444444444444384 0.043981481481481434 0.37129629629629635 0.043518518518518456 0.043055555555555514 0.04675925925925923 0.04444444444444437 0.04537037037037031 0.044444444444444384 0.04351851851851848 0.05185185185185184 0.04490740740740736 0.04490740740740736 0.04351851851851847 0.043981481481481434
0.04355555555555558 0.046222222222222255 0.048000000000000036 0.0466666666666667 0.04355555555555558 0.04400000000000003 0.04311111111111114 0.04311111111111114 0.04133333333333336 0.06177777777777781 0.3333333333333332 0.04755555555555559 0.06533333333333337 0.04933333333333337 0.04311111111111114
0.04848484848484848 0.04848484848484849 0.27626262626262627 0.047474747474747475 0.04646464646464645 0.0787878787878788 0.04949494949494951 0.05353535353535357 0.04949494949494949 0.04595959595959594 0.06111111111111117 0.04797979797979798 0.047474747474747475 0.04898989898989898 0.04999999999999998
0.08282828282828293 0.06818181818181825 0.04848484848484849 0.058585858585858616 0.059595959595959674 0.06717171717171723 0.06969696969696976 0.0752525252525253 0.10353535353535363 0.05707070707070711 0.051010101010101026 0.05404040404040408 0.07323232323232327 0.07070707070707077 0.06060606060606066
0.05730994152046782 0.0614035087719298 0.05555555555555555 0.05497076023391813 0.05789473684210526 0.05964912280701754 0.05672514619883039 0.060233918128654966 0.05847953216374269 0.14152046783625724 0.08947368421052629 0.05789473684210525 0.07660818713450285 0.05614035087719296 0.05614035087719299
0.06049382716049372 0.06111111111111101 0.058641975308641854 0.06358024691358012 0.05925925925925916 0.05925925925925915 0.05925925925925915 0.10555555555555547 0.11419753086419748 0.06234567901234555 0.058024691358024585 0.061728395061728274 0.05864197530864187 0.06111111111111101 0.05679012345679001
0.058024691358024585 0.059876543209876426 0.07901234567901222 0.05740740740740729 0.05740740740740729 0.058024691358024585 0.059876543209876426 0.05925925925925914 0.06419753086419742 0.07407407407407393 0.09135802469135786 0.05987654320987644 0.06913580246913567 0.059876543209876426 0.09259259259259246
0.06388888888888888 0.0625 0.0625 0.06319444444444444 0.0625 0.06527777777777778 0.06319444444444444 0.11805555555555555 0.0625 0.0625 0.0625 0.0625 0.06319444444444444 0.06319444444444444 0.0625
0.11503267973856184 0.0594771241830064 0.05882352941176457 0.05882352941176457 0.05882352941176457 0.11372549019607818 0.05882352941176457 0.05882352941176457 0.0594771241830064 0.05882352941176457 0.0594771241830064 0.0594771241830064 0.060784313725490056 0.06078431372549007 0.05882352941176457
0.12083333333333339 0.046759259259259195 0.04212962962962958 0.043981481481481434 0.13148148148148145 0.0430555555555555 0.04537037037037032 0.04629629629629625 0.08703703703703697 0.04351851851851847 0.0430555555555555 0.09166666666666666 0.041666666666666616 0.0444444444444444 0.12870370370370368
0.05987654320987644 0.058641975308641854 0.059876543209876426 0.05925925925925915 0.06234567901234556 0.06049382716049371 0.06049382716049372 0.06111111111111099 0.058641975308641854 0.058641975308641854 0.0944444444444443 0.07716049382716036 0.05987654320987644 0.07777777777777764 0.09135802469135791
0.048148148148148134 0.05462962962962963 0.2712962962962963 0.05277777777777776 0.048148148148148134 0.048611111111111084 0.051851851851851885 0.054166666666666655 0.04907407407407404 0.05277777777777777 0.0782407407407408 0.04722222222222219 0.04675925925925924 0.049074074074074055 0.0472222222222222
0.06491228070175437 0.05672514619883039 0.08713450292397658 0.05789473684210526 0.05847953216374269 0.06374269005847946 0.0614035087719298 0.06315789473684211 0.05906432748538009 0.06315789473684205 0.1 0.0725146198830409 0.058479532163742666 0.0748538011695906 0.058479532163742694
0.04444444444444452 0.04782608695652183 0.18695652173913047 0.06859903381642522 0.04492753623188413 0.05265700483091796 0.05265700483091794 0.04782608695652181 0.047826086956521824 0.0840579710144929 0.10772946859903382 0.045893719806763364 0.046376811594202975 0.07487922705314018 0.047342995169082205
0.05166666666666657 0.053333333333333253 0.09777777777777763 0.052222222222222135 0.052222222222222135 0.052222222222222135 0.05499999999999991 0.0577777777777777 0.055555555555555476 0.10499999999999982 0.09111111111111099 0.06166666666666658 0.07333333333333324 0.053888888888888806 0.08722222222222215
0.04609053497942393 0.055144032921810755 0.14650205761316867 0.04403292181069962 0.04567901234567906 0.05720164609053503 0.06419753086419756 0.08230452674897122 0.04238683127572022 0.04732510288065849 0.04526748971193421 0.0481481481481482 0.04650205761316877 0.17777777777777776 0.05144032921810704
0.0625 0.0625 0.0625 0.06319444444444444 0.0625 0.06319444444444444 0.06388888888888888 0.0625 0.06319444444444444 0.0625 0.06319444444444444 0.12083333333333333 0.0625 0.0625 0.0625
0.04230769230769228 0.048717948717948684 0.03888888888888885 0.04230769230769227 0.04230769230769228 0.04700854700854694 0.04957264957264952 0.058974358974358904 0.1354700854700853 0.041880341880341856 0.04230769230769227 0.18589743589743574 0.05897435897435893 0.05256410256410252 0.11282051282051267
0.062091503267973726 0.06666666666666654 0.06013071895424823 0.06339869281045737 0.061437908496731905 0.07450980392156849 0.07189542483660118 0.068627450980392 0.062091503267973726 0.061437908496731884 0.0614379084967319 0.09215686274509789 0.06209150326797373 0.06470588235294106 0.06732026143790838
0.06081871345029235 0.06257309941520464 0.06081871345029235 0.053801169590643266 0.05847953216374269 0.0690058479532163 0.0684210526315789 0.09883040935672517 0.056725146198830415 0.06140350877192979 0.0543859649122807 0.12573099415204667 0.05497076023391812 0.05672514619883039 0.057309941520467825
0.06458333333333334 0.06666666666666667 0.06319444444444444 0.06597222222222222 0.06388888888888888 0.06458333333333334 0.07083333333333333 0.06388888888888888 0.07152777777777777 0.06736111111111111 0.0625 0.06388888888888888 0.07569444444444444 0.06666666666666667 0.06875
0.06013071895424824 0.07189542483660115 0.0594771241830064 0.06013071895424824 0.0594771241830064 0.06339869281045739 0.10915032679738543 0.06339869281045739 0.06601307189542471 0.06405228758169922 0.06078431372549007 0.0614379084967319 0.07581699346405214 0.06274509803921555 0.062091503267973726
0.08125 0.06944444444444445 0.06319444444444444 0.07013888888888889 0.06388888888888888 0.06597222222222222 0.06458333333333334 0.06666666666666667 0.06388888888888888 0.06597222222222222 0.0625 0.06527777777777778 0.06388888888888888 0.06458333333333334 0.06875
0.062091503267973726 0.0882352941176469 0.0594771241830064 0.062091503267973726 0.06078431372549007 0.06274509803921555 0.103267973856209 0.06797385620915021 0.059477124183006415 0.06274509803921555 0.0594771241830064 0.06274509803921555 0.061437908496731905 0.06601307189542471 0.061437908496731905
0.0625 0.06736111111111111 0.09027777777777778 0.0625 0.06388888888888888 0.0625 0.06527777777777778 0.07916666666666666 0.06319444444444444 0.0625 0.06458333333333334 0.06597222222222222 0.06319444444444444 0.06319444444444444 0.06388888888888888
0.11367521367521352 0.04829059829059824 0.044017094017093965 0.04999999999999995 0.12179487179487168 0.08376068376068371 0.051709401709401664 0.0773504273504273 0.06623931623931618 0.04700854700854696 0.04102564102564099 0.04871794871794867 0.046153846153846115 0.05811965811965805 0.10213675213675202
0.10648148148148143 0.05046296296296294 0.0453703703703703 0.045370370370370325 0.0648148148148148 0.07314814814814818 0.06111111111111109 0.07129629629629632 0.04999999999999998 0.045370370370370325 0.04629629629629627 0.044444444444444384 0.1337962962962963 0.06712962962962964 0.09490740740740736
0.04138888888888884 0.034166666666666616 0.026111111111111068 0.030277777777777744 0.03055555555555551 0.03249999999999995 0.030833333333333282 0.03027777777777774 0.09888888888888887 0.2119444444444444 0.02611111111111107 0.04833333333333328 0.25722222222222213 0.035833333333333287 0.06555555555555564
0.04844444444444448 0.056444444444444485 0.0426666666666667 0.09955555555555556 0.05111111111111115 0.05155555555555559 0.05155555555555559 0.14399999999999988 0.11155555555555556 0.04844444444444448 0.04266666666666669 0.0466666666666667 0.044444444444444474 0.0915555555555556 0.06933333333333337
0.058641975308641854 0.07469135802469122 0.059876543209876426 0.062345679012345556 0.05925925925925915 0.0679012345679011 0.06666666666666655 0.0641975308641974 0.05987654320987644 0.05864197530864187 0.09876543209876527 0.07407407407407395 0.05864197530864187 0.06543209876543198 0.07098765432098753
0.06725146198830408 0.0742690058479532 0.0567251461988304 0.08538011695906436 0.06315789473684208 0.06608187134502921 0.06725146198830403 0.06842105263157894 0.06842105263157891 0.06315789473684208 0.05614035087719296 0.06257309941520467 0.057309941520467825 0.08011695906432745 0.0637426900584795
0.0625 0.06319444444444444 0.0625 0.0625 0.0625 0.0625 0.0625 0.0625 0.0625 0.06319444444444444 0.0625 0.0625 0.08194444444444444 0.06388888888888888 0.10277777777777777
0.06274509803921555 0.1013071895424835 0.061437908496731884 0.07058823529411752 0.06339869281045737 0.06601307189542469 0.06339869281045737 0.06209150326797371 0.062091503267973726 0.06274509803921556 0.06078431372549007 0.062091503267973726 0.06209150326797373 0.07189542483660118 0.06732026143790834
0.05497076023391813 0.1099415204678362 0.05321637426900586 0.054970760233918115 0.11111111111111108 0.05321637426900584 0.055555555555555546 0.055555555555555566 0.05497076023391812 0.0543859649122807 0.05321637426900584 0.0567251461988304 0.10877192982456138 0.05730994152046782 0.06608187134502921
0.06388888888888888 0.07222222222222222 0.06319444444444444 0.06319444444444444 0.06666666666666667 0.06527777777777778 0.07013888888888889 0.07708333333333334 0.06597222222222222 0.0625 0.06388888888888888 0.06597222222222222 0.06527777777777778 0.06736111111111111 0.06736111111111111
0.061437908496731884 0.06209150326797373 0.059477124183006415 0.06078431372549007 0.06274509803921555 0.06274509803921555 0.06339869281045739 0.06535947712418286 0.08954248366013058 0.0836601307189541 0.062091503267973726 0.07581699346405217 0.06013071895424824 0.06535947712418287 0.06535947712418287
0.05111111111111103 0.05277777777777769 0.05166666666666658 0.05166666666666659 0.0527777777777777 0.05444444444444437 0.0549999999999999 0.0538888888888888 0.05166666666666658 0.05166666666666658 0.052222222222222135 0.26111111111111124 0.05166666666666658 0.055555555555555455 0.05277777777777769
0.06078431372549007 0.0614379084967319 0.0594771241830064 0.06535947712418289 0.059477124183006415 0.06470588235294103 0.061437908496731905 0.06078431372549007 0.06339869281045739 0.06013071895424824 0.06274509803921555 0.06078431372549007 0.06078431372549007 0.062091503267973726 0.13660130718954222
0.07166666666666659 0.08555555555555545 0.053888888888888785 0.07444444444444438 0.05777777777777769 0.06055555555555547 0.06722222222222213 0.06111111111111101 0.05888888888888881 0.058888888888888796 0.05277777777777769 0.11333333333333327 0.056666666666666574 0.06944444444444434 0.05777777777777769
0.07654320987654309 0.06296296296296283 0.05740740740740729 0.061111111111111005 0.06234567901234556 0.06604938271604928 0.10185185185185175 0.06419753086419742 0.06049382716049371 0.07283950617283938 0.05617283950617273 0.06358024691358014 0.058641975308641854 0.07345679012345668 0.06234567901234556
0.06458333333333334 0.06597222222222222 0.06458333333333334 0.06458333333333334 0.0625 0.06388888888888888 0.06388888888888888 0.06527777777777778 0.06319444444444444 0.0798611111111111 0.07916666666666666 0.06666666666666667 0.06319444444444444 0.06805555555555555 0.06458333333333334
0.08104575163398677 0.0679738562091502 0.0614379084967319 0.06666666666666653 0.062091503267973726 0.06535947712418287 0.072549019607843 0.06797385620915021 0.0705882352941175 0.06470588235294106 0.06013071895424824 0.06274509803921555 0.06013071895424823 0.06928104575163385 0.06732026143790835
0.09150326797385604 0.06209150326797371 0.0594771241830064 0.06078431372549007 0.060784313725490056 0.06470588235294104 0.06209150326797373 0.06405228758169923 0.0836601307189541 0.06405228758169922 0.05882352941176457 0.07450980392156849 0.06274509803921556 0.0640522875816992 0.06666666666666655
0.06811594202898556 0.08309178743961365 0.11352657004830916 0.05748792270531412 0.05024154589371989 0.07391304347826096 0.1246376811594203 0.05942028985507254 0.04734299516908222 0.054106280193236794 0.06183574879227062 0.046376811594202975 0.047826086956521824 0.0647342995169083 0.047342995169082205
0.06274509803921555 0.07254901960784296 0.061437908496731905 0.059477124183006415 0.06013071895424824 0.06862745098039202 0.11633986928104556 0.06470588235294104 0.06078431372549007 0.0594771241830064 0.06078431372549007 0.06013071895424823 0.06078431372549007 0.07189542483660118 0.06013071895424823
0.07469135802469123 0.07283950617283937 0.05617283950617273 0.058641975308641854 0.058024691358024585 0.07407407407407395 0.12098765432098751 0.0691358024691357 0.05987654320987642 0.05679012345679001 0.058024691358024585 0.05864197530864187 0.05802469135802457 0.0648148148148147 0.05925925925925916
0.06736111111111111 0.06736111111111111 0.0625 0.07916666666666666 0.06527777777777778 0.06388888888888888 0.06736111111111111 0.06736111111111111 0.06597222222222222 0.06388888888888888 0.06597222222222222 0.06527777777777778 0.06319444444444444 0.06875 0.06666666666666667
0.05882352941176457 0.08235294117647042 0.059477124183006415 0.0614379084967319 0.0594771241830064 0.0614379084967319 0.137908496732026 0.06078431372549007 0.05882352941176457 0.05882352941176457 0.05882352941176457 0.06013071895424823 0.0594771241830064 0.06339869281045739 0.05882352941176457
0.06078431372549007 0.06535947712418286 0.05882352941176457 0.08366013071895408 0.06013071895424824 0.06274509803921556 0.061437908496731884 0.05882352941176457 0.11633986928104549 0.059477124183006415 0.05882352941176457 0.05882352941176457 0.05882352941176457 0.07581699346405214 0.06013071895424824
0.06222222222222213 0.08833333333333328 0.05611111111111102 0.05999999999999993 0.054999999999999924 0.05944444444444437 0.06333333333333324 0.08666666666666657 0.06055555555555546 0.05833333333333324 0.058333333333333244 0.09777777777777771 0.06166666666666658 0.07166666666666656 0.06055555555555546
0.045833333333333295 0.046759259259259216 0.043055555555555514 0.05324074074074074 0.060648148148148125 0.05277777777777776 0.057870370370370426 0.04814814814814811 0.04537037037037032 0.045833333333333295 0.042129629629629566 0.2134259259259258 0.04675925925925923 0.07407407407407411 0.12407407407407407
0.04490740740740736 0.04861111111111107 0.042592592592592536 0.04629629629629626 0.04305555555555551 0.053703703703703684 0.05833333333333336 0.047222222222222165 0.04629629629629625 0.08148148148148142 0.04398148148148143 0.112962962962963 0.08842592592592588 0.04722222222222219 0.19490740740740747
0.06081871345029234 0.05730994152046784 0.05321637426900586 0.05555555555555555 0.05614035087719297 0.06023391812865496 0.08128654970760227 0.07251461988304095 0.06257309941520463 0.05497076023391812 0.055555555555555546 0.09999999999999994 0.10350877192982456 0.06257309941520466 0.06374269005847952
0.058641975308641875 0.06049382716049372 0.05555555555555545 0.05679012345679001 0.0574074074074073 0.05925925925925915 0.06358024691358012 0.10802469135802452 0.05679012345679002 0.05679012345679001 0.05555555555555545 0.08333333333333319 0.05617283950617273 0.11172839506172824 0.05987654320987642
0.1006172839506171 0.05987654320987644 0.05555555555555545 0.058024691358024585 0.05679012345679002 0.06111111111111101 0.08765432098765416 0.06358024691358014 0.058024691358024585 0.05987654320987642 0.05679012345679001 0.07777777777777763 0.05617283950617273 0.09012345679012336 0.058024691358024585
0.06419753086419742 0.06049382716049371 0.05740740740740729 0.058641975308641854 0.059876543209876426 0.12037037037037018 0.06666666666666653 0.05864197530864187 0.059876543209876426 0.05555555555555545 0.0574074074074073 0.058024691358024585 0.05740740740740729 0.1061728395061727 0.05925925925925915
0.23333333333333342 0.05321637426900584 0.053801169590643266 0.05321637426900585 0.05438596491228072 0.052631578947368425 0.052631578947368425 0.05321637426900584 0.052631578947368425 0.07543859649122807 0.053801169590643266 0.052631578947368425 0.05321637426900585 0.05321637426900586 0.052631578947368425
0.18596491228070175 0.054970760233918115 0.05321637426900585 0.055555555555555546 0.05321637426900584 0.0543859649122807 0.055555555555555546 0.056725146198830415 0.104093567251462 0.055555555555555546 0.05321637426900585 0.05321637426900585 0.05321637426900585 0.05614035087719297 0.05497076023391814
