0.05166666666666658 0.05555555555555547 0.05277777777777769 0.10277777777777762 0.07999999999999988 0.05888888888888881 0.06833333333333323 0.05944444444444435 0.0538888888888888 0.05666666666666658 0.08611111111111101 0.07277777777777769 0.07888888888888879 0.06555555555555546 0.05666666666666658
0.055555555555555546 0.060233918128654945 0.22865497076023397 0.05555555555555554 0.05497076023391813 0.05438596491228068 0.05555555555555554 0.055555555555555546 0.056725146198830394 0.0567251461988304 0.05321637426900586 0.052631578947368425 0.05380116959064327 0.052631578947368425 0.05380116959064327
0.0625 0.06319444444444444 0.06319444444444444 0.0625 0.0625 0.06319444444444444 0.0625 0.06319444444444444 0.0625 0.0625 0.09652777777777778 0.0625 0.08819444444444445 0.0625 0.0625
0.04595959595959594 0.04797979797979798 0.04898989898989899 0.04797979797979798 0.06212121212121218 0.0646464646464647 0.053030303030303066 0.09040404040404043 0.20303030303030303 0.057070707070707126 0.05303030303030306 0.06060606060606072 0.059090909090909145 0.05202020202020206 0.054040404040404055
0.08086419753086407 0.05925925925925915 0.06358024691358014 0.059876543209876426 0.0839506172839505 0.062345679012345556 0.06790123456790112 0.06728395061728382 0.06666666666666655 0.061111111111110984 0.06172839506172829 0.0679012345679011 0.0728395061728394 0.0648148148148147 0.059876543209876426
0.22397660818713463 0.052631578947368425 0.052631578947368425 0.052631578947368425 0.08304093567251454 0.05380116959064327 0.052631578947368425 0.0543859649122807 0.052631578947368425 0.05321637426900585 0.05321637426900585 0.05555555555555554 0.05321637426900584 0.05321637426900585 0.05321637426900584
0.2405555555555557 0.04999999999999991 0.04999999999999991 0.04999999999999991 0.09444444444444447 0.052222222222222135 0.05111111111111102 0.05166666666666658 0.05166666666666657 0.05277777777777769 0.04999999999999991 0.054999999999999924 0.04999999999999991 0.04999999999999991 0.05055555555555547
0.11597222222222223 0.0625 0.06319444444444444 0.0625 0.06597222222222222 0.06319444444444444 0.06319444444444444 0.06319444444444444 0.0625 0.06319444444444444 0.06319444444444444 0.0625 0.06319444444444444 0.06319444444444444 0.0625
0.0625 0.0625 0.06388888888888888 0.0625 0.06319444444444444 0.11736111111111111 0.0625 0.06388888888888888 0.06319444444444444 0.06319444444444444 0.0625 0.06388888888888888 0.0625 0.06319444444444444 0.06319444444444444
0.05497076023391812 0.056725146198830394 0.05847953216374269 0.056725146198830415 0.07602339181286544 0.058479532163742645 0.07602339181286548 0.06198830409356722 0.10116959064327481 0.05438596491228069 0.06081871345029244 0.06491228070175437 0.05906432748538009 0.05614035087719297 0.104093567251462
0.05882352941176457 0.06470588235294104 0.10980392156862724 0.06013071895424824 0.06078431372549007 0.07189542483660118 0.06535947712418289 0.06470588235294104 0.06078431372549007 0.072549019607843 0.05882352941176457 0.0614379084967319 0.06666666666666653 0.06013071895424824 0.06339869281045739
0.10987654320987633 0.05617283950617273 0.05617283950617273 0.05617283950617273 0.05617283950617273 0.05617283950617273 0.10617283950617264 0.05617283950617273 0.05802469135802457 0.05555555555555545 0.05679012345679001 0.05617283950617273 0.10802469135802449 0.05555555555555545 0.05679012345679001
0.08055555555555556 0.06319444444444444 0.06388888888888888 0.0625 0.08888888888888889 0.06388888888888888 0.06319444444444444 0.06458333333333334 0.06458333333333334 0.06458333333333334 0.06319444444444444 0.06805555555555555 0.0625 0.0625 0.06388888888888888
0.1788888888888888 0.0527777777777777 0.053333333333333253 0.053333333333333253 0.1044444444444445 0.05722222222222214 0.0538888888888888 0.05611111111111102 0.05611111111111102 0.05666666666666658 0.05555555555555547 0.056666666666666574 0.053333333333333253 0.057222222222222126 0.05444444444444436
0.09005847953216381 0.053801169590643266 0.054970760233918115 0.05380116959064327 0.153801169590643 0.09298245614035093 0.05497076023391812 0.05614035087719295 0.06198830409356721 0.05380116959064329 0.05380116959064327 0.05555555555555554 0.05672514619883039 0.05321637426900585 0.05438596491228069
0.09824561403508775 0.05321637426900585 0.05789473684210524 0.05614035087719295 0.10584795321637427 0.09883040935672516 0.05906432748538012 0.0573099415204678 0.07485380116959058 0.057309941520467825 0.05438596491228069 0.05555555555555554 0.05555555555555554 0.05789473684210524 0.05789473684210524
0.05555555555555545 0.05555555555555545 0.05555555555555545 0.05555555555555545 0.20802469135802432 0.05679012345679001 0.05617283950617273 0.05679012345679001 0.06543209876543196 0.05555555555555545 0.05555555555555545 0.05555555555555545 0.05555555555555545 0.05555555555555545 0.05679012345679001
0.06172839506172827 0.05740740740740729 0.05679012345679001 0.05555555555555545 0.18518518518518493 0.05740740740740729 0.05987654320987642 0.05925925925925915 0.0641975308641974 0.05740740740740729 0.05679012345679001 0.05802469135802457 0.05679012345679001 0.05679012345679001 0.05679012345679001
0.10457516339869259 0.06013071895424823 0.059477124183006415 0.059477124183006415 0.06405228758169922 0.06209150326797373 0.10718954248365993 0.0594771241830064 0.061437908496731905 0.0594771241830064 0.0594771241830064 0.0594771241830064 0.062091503267973726 0.06078431372549007 0.06078431372549007
0.13202614379084945 0.062091503267973726 0.06078431372549007 0.0614379084967319 0.06601307189542471 0.0614379084967319 0.06405228758169922 0.06209150326797373 0.06013071895424824 0.06078431372549007 0.062091503267973726 0.06078431372549007 0.06209150326797373 0.06274509803921555 0.0614379084967319
0.06805555555555555 0.06527777777777778 0.06458333333333334 0.06458333333333334 0.09791666666666667 0.0625 0.06458333333333334 0.06458333333333334 0.06527777777777778 0.06388888888888888 0.06388888888888888 0.06458333333333334 0.06319444444444444 0.06319444444444444 0.06388888888888888
0.16507936507936488 0.05291005291005283 0.05449735449735441 0.05079365079365071 0.11534391534391523 0.05820105820105812 0.06349206349206342 0.058730158730158646 0.05132275132275125 0.052910052910052824 0.05449735449735443 0.053439153439153356 0.05661375661375654 0.05555555555555548 0.05661375661375653
0.10818713450292396 0.06198830409356726 0.1023391812865497 0.05906432748538007 0.06374269005847948 0.08070175438596494 0.059649122807017514 0.060818713450292376 0.05614035087719295 0.05789473684210525 0.05438596491228069 0.05789473684210524 0.05614035087719299 0.059064327485380125 0.06198830409356722
0.09777777777777763 0.05333333333333326 0.05833333333333325 0.09611111111111102 0.07277777777777766 0.07222222222222216 0.06555555555555546 0.06444444444444436 0.05388888888888881 0.05888888888888881 0.06611111111111101 0.053333333333333253 0.057222222222222126 0.07055555555555547 0.05944444444444436
0.13939393939393951 0.04797979797979798 0.04949494949494951 0.09393939393939399 0.10858585858585873 0.06515151515151524 0.05404040404040407 0.056060606060606075 0.04848484848484849 0.05303030303030306 0.06363636363636373 0.04999999999999999 0.053535353535353575 0.06212121212121218 0.054545454545454564
0.0594771241830064 0.062091503267973726 0.059477124183006415 0.05882352941176457 0.0614379084967319 0.06339869281045739 0.06470588235294104 0.0660130718954247 0.0614379084967319 0.07320261437908482 0.072549019607843 0.0999999999999998 0.06535947712418286 0.0594771241830064 0.07254901960784299
0.13121693121693112 0.050264550264550185 0.05238095238095231 0.05238095238095232 0.06931216931216919 0.07513227513227502 0.06507936507936497 0.057671957671957604 0.056084656084656015 0.05661375661375653 0.056084656084656 0.06772486772486769 0.056613756613756554 0.06719576719576711 0.08624338624338611
0.05291005291005283 0.051851851851851774 0.04973544973544966 0.048677248677248604 0.05291005291005284 0.06349206349206342 0.05820105820105812 0.05291005291005284 0.04973544973544967 0.05449735449735444 0.05343915343915335 0.05079365079365071 0.1010582010582009 0.048677248677248604 0.2111111111111108
0.14880952380952378 0.041269841269841255 0.03968253968253966 0.06190476190476188 0.31825396825396846 0.03928571428571426 0.03730158730158727 0.04682539682539682 0.038492063492063466 0.03809523809523808 0.04007936507936506 0.03730158730158728 0.037301587301587266 0.03809523809523807 0.03730158730158728
0.052631578947368425 0.13157894736842085 0.13099415204678355 0.05321637426900586 0.05321637426900586 0.05321637426900584 0.052631578947368425 0.05321637426900585 0.052631578947368425 0.052631578947368425 0.08538011695906429 0.052631578947368425 0.07017543859649122 0.05321637426900586 0.052631578947368425
0.13585858585858604 0.05404040404040407 0.16212121212121214 0.04646464646464645 0.04646464646464645 0.055050505050505065 0.07373737373737371 0.05555555555555559 0.06212121212121216 0.05252525252525256 0.0494949494949495 0.04898989898989898 0.06111111111111122 0.04848484848484848 0.04797979797979798
0.09141414141414139 0.05202020202020203 0.10656565656565666 0.05252525252525256 0.05909090909090915 0.07525252525252532 0.06818181818181826 0.05808080808080812 0.04898989898989899 0.06212121212121217 0.05555555555555561 0.05454545454545456 0.10909090909090921 0.052525252525252544 0.05404040404040408
0.050555555555555465 0.05111111111111103 0.05444444444444435 0.05111111111111103 0.053333333333333253 0.05833333333333325 0.053888888888888806 0.05555555555555547 0.050555555555555465 0.05999999999999989 0.05333333333333324 0.14888888888888904 0.1555555555555556 0.05111111111111103 0.052222222222222135
0.05321637426900585 0.09649122807017546 0.07076023391812865 0.05321637426900584 0.05438596491228069 0.060818713450292376 0.05614035087719298 0.05789473684210524 0.05555555555555554 0.06315789473684207 0.07777777777777772 0.05380116959064329 0.13859649122807008 0.052631578947368425 0.05555555555555554
0.053801169590643266 0.05614035087719299 0.05906432748538007 0.05614035087719296 0.05438596491228071 0.05906432748538009 0.05672514619883039 0.056725146198830394 0.05789473684210525 0.0596491228070175 0.06140350877192984 0.08479532163742694 0.11578947368421044 0.1099415204678362 0.058479532163742694
0.0594771241830064 0.06013071895424823 0.1712418300653592 0.05882352941176457 0.0594771241830064 0.05882352941176457 0.05882352941176457 0.059477124183006415 0.05882352941176457 0.0594771241830064 0.059477124183006415 0.05882352941176457 0.05882352941176457 0.0594771241830064 0.05882352941176457
0.0625 0.06458333333333334 0.06319444444444444 0.06319444444444444 0.06527777777777778 0.07083333333333333 0.06319444444444444 0.06388888888888888 0.06319444444444444 0.08055555555555556 0.0763888888888889 0.06597222222222222 0.06527777777777778 0.06597222222222222 0.06597222222222222
0.054999999999999924 0.052222222222222135 0.0549999999999999 0.053888888888888806 0.05555555555555547 0.05666666666666658 0.05611111111111102 0.07555555555555546 0.0688888888888888 0.1605555555555556 0.06222222222222214 0.08999999999999991 0.053888888888888806 0.052222222222222135 0.052222222222222135
0.0625 0.0625 0.0625 0.06388888888888888 0.0625 0.0625 0.0625 0.06319444444444444 0.06388888888888888 0.06319444444444444 0.06458333333333334 0.06388888888888888 0.06388888888888888 0.06319444444444444 0.11527777777777778
0.0625 0.0625 0.0625 0.0625 0.0625 0.0625 0.06527777777777778 0.0625 0.06319444444444444 0.0625 0.0625 0.06388888888888888 0.11944444444444445 0.06319444444444444 0.0625
0.05321637426900585 0.10701754385964911 0.1631578947368419 0.05321637426900585 0.06023391812865497 0.059649122807017514 0.05614035087719296 0.05672514619883039 0.05789473684210526 0.05730994152046784 0.05497076023391813 0.05380116959064327 0.053801169590643266 0.0543859649122807 0.05847953216374267
0.0594771241830064 0.06274509803921556 0.06470588235294103 0.0594771241830064 0.06470588235294104 0.06470588235294104 0.062091503267973726 0.06732026143790834 0.06013071895424824 0.0614379084967319 0.12679738562091483 0.059477124183006415 0.0640522875816992 0.06339869281045737 0.059477124183006415
0.05882352941176457 0.05882352941176457 0.059477124183006415 0.05882352941176457 0.06013071895424823 0.05882352941176457 0.0594771241830064 0.059477124183006415 0.05882352941176457 0.17320261437908469 0.05882352941176457 0.05882352941176457 0.05882352941176457 0.05882352941176457 0.05882352941176457
0.05802469135802457 0.05740740740740729 0.058641975308641854 0.1493827160493825 0.06358024691358012 0.059876543209876426 0.06358024691358014 0.0728395061728394 0.05679012345679001 0.062345679012345556 0.06172839506172829 0.05987654320987642 0.059876543209876426 0.05679012345679002 0.05925925925925914
0.052222222222222135 0.10611111111111107 0.06666666666666657 0.053333333333333253 0.052222222222222135 0.06722222222222213 0.06499999999999989 0.06111111111111102 0.053333333333333253 0.1138888888888888 0.07722222222222211 0.05333333333333324 0.058888888888888796 0.053333333333333253 0.06611111111111101
0.0625 0.0625 0.0625 0.0625 0.06458333333333334 0.0625 0.06319444444444444 0.0625 0.06319444444444444 0.0625 0.0625 0.0625 0.0625 0.06319444444444444 0.12083333333333333
0.0625 0.06319444444444444 0.0625 0.0625 0.0625 0.0625 0.0625 0.06319444444444444 0.06388888888888888 0.12222222222222222 0.0625 0.0625 0.0625 0.0625 0.0625
0.05438596491228071 0.061403508771929814 0.0637426900584795 0.05789473684210524 0.05555555555555555 0.09005847953216371 0.05847953216374265 0.06257309941520466 0.058479532163742666 0.0590643274853801 0.059064327485380076 0.06432748538011696 0.057309941520467825 0.06140350877192979 0.13625730994152038
0.0625 0.0625 0.06527777777777778 0.0625 0.0625 0.06319444444444444 0.06319444444444444 0.0625 0.0625 0.06319444444444444 0.06319444444444444 0.0625 0.0625 0.11944444444444445 0.0625
0.06875 0.06666666666666667 0.06944444444444445 0.06319444444444444 0.06666666666666667 0.07013888888888889 0.06597222222222222 0.06527777777777778 0.06388888888888888 0.06527777777777778 0.06666666666666667 0.06527777777777778 0.06736111111111111 0.06597222222222222 0.06944444444444445
0.05277777777777769 0.0527777777777777 0.09388888888888879 0.0538888888888888 0.05944444444444435 0.053888888888888806 0.05722222222222212 0.06055555555555547 0.05111111111111103 0.11888888888888872 0.05499999999999991 0.13277777777777786 0.053333333333333253 0.0527777777777777 0.05166666666666659
0.0543859649122807 0.056725146198830394 0.05906432748538007 0.06315789473684208 0.06315789473684208 0.07076023391812863 0.06842105263157888 0.11871345029239753 0.06140350877192979 0.0631578947368421 0.072514619883041 0.058479532163742694 0.06315789473684208 0.06491228070175434 0.061988304093567245
0.05380116959064327 0.05555555555555555 0.05789473684210526 0.11052631578947363 0.055555555555555546 0.0637426900584795 0.061403508771929786 0.0766081871345029 0.05847953216374269 0.05789473684210525 0.11929824561403504 0.06257309941520467 0.053801169590643266 0.057309941520467825 0.055555555555555546
0.04999999999999991 0.19999999999999973 0.05611111111111102 0.05166666666666658 0.05277777777777769 0.05222222222222214 0.05166666666666658 0.12055555555555562 0.050555555555555465 0.05222222222222214 0.053333333333333253 0.052222222222222135 0.05111111111111103 0.05166666666666657 0.05388888888888881
0.06319444444444444 0.06388888888888888 0.06388888888888888 0.0625 0.06527777777777778 0.07152777777777777 0.06319444444444444 0.06527777777777778 0.0625 0.08194444444444444 0.07847222222222222 0.06319444444444444 0.06458333333333334 0.06527777777777778 0.06527777777777778
0.04398148148148143 0.0430555555555555 0.0472222222222222 0.0458333333333333 0.06944444444444442 0.046759259259259216 0.045370370370370325 0.045370370370370325 0.04583333333333328 0.045833333333333295 0.08611111111111104 0.0458333333333333 0.04537037037037032 0.17870370370370361 0.1652777777777777
0.06458333333333334 0.0625 0.06319444444444444 0.0625 0.06527777777777778 0.06458333333333334 0.07708333333333334 0.07152777777777777 0.0875 0.06736111111111111 0.06388888888888888 0.0625 0.0625 0.0625 0.0625
0.05882352941176457 0.0594771241830064 0.07058823529411752 0.06013071895424824 0.05882352941176457 0.0594771241830064 0.061437908496731905 0.06339869281045739 0.06993464052287568 0.0594771241830064 0.06013071895424823 0.062091503267973726 0.133986928104575 0.06013071895424823 0.062091503267973726
0.0625 0.0625 0.0625 0.0625 0.0625 0.06388888888888888 0.06319444444444444 0.0625 0.06319444444444444 0.07916666666666666 0.0625 0.10486111111111111 0.06319444444444444 0.0625 0.0625
0.05679012345679001 0.05617283950617273 0.05925925925925915 0.05679012345679001 0.05802469135802457 0.06296296296296285 0.08086419753086407 0.06604938271604927 0.05987654320987644 0.05740740740740729 0.06172839506172827 0.06666666666666653 0.06296296296296285 0.09999999999999983 0.09444444444444429
0.05617283950617273 0.05617283950617273 0.05740740740740729 0.05617283950617273 0.05679012345679001 0.05925925925925915 0.058641975308641854 0.05802469135802457 0.13086419753086403 0.05679012345679001 0.058024691358024585 0.06604938271604927 0.06049382716049371 0.11111111111111091 0.05802469135802457
0.0594771241830064 0.0594771241830064 0.06013071895424824 0.06078431372549007 0.08169934640522862 0.061437908496731884 0.060784313725490056 0.06732026143790835 0.06013071895424823 0.0640522875816992 0.09542483660130703 0.0614379084967319 0.08496732026143776 0.06013071895424824 0.06274509803921555
0.05882352941176457 0.06013071895424824 0.06078431372549007 0.06013071895424824 0.060784313725490056 0.06274509803921556 0.06470588235294104 0.06405228758169922 0.062091503267973726 0.06209150326797373 0.06862745098039202 0.13006535947712397 0.06078431372549008 0.06274509803921556 0.0614379084967319
0.06078431372549007 0.06274509803921555 0.06535947712418286 0.06470588235294104 0.06470588235294103 0.06274509803921556 0.06928104575163384 0.0614379084967319 0.10065359477124172 0.06274509803921555 0.06535947712418289 0.0705882352941175 0.0660130718954247 0.06013071895424823 0.06274509803921555
0.05166666666666658 0.05111111111111103 0.053333333333333253 0.05111111111111103 0.053888888888888785 0.06444444444444436 0.05444444444444437 0.06888888888888883 0.12611111111111126 0.0733333333333332 0.05277777777777769 0.14388888888888896 0.05055555555555547 0.0527777777777777 0.05166666666666658
0.061437908496731905 0.060784313725490056 0.06209150326797371 0.06078431372549007 0.0614379084967319 0.06470588235294104 0.06535947712418287 0.0660130718954247 0.062091503267973726 0.062091503267973726 0.0660130718954247 0.06078431372549007 0.0594771241830064 0.06601307189542471 0.12091503267973835
0.05438596491228071 0.05614035087719298 0.05555555555555555 0.05497076023391813 0.09122807017543864 0.05614035087719298 0.057894736842105214 0.06023391812865496 0.0725146198830408 0.057309941520467825 0.0590643274853801 0.05789473684210526 0.05614035087719297 0.1543859649122805 0.05614035087719298
0.05882352941176457 0.06078431372549007 0.06274509803921555 0.05882352941176457 0.10718954248365997 0.06209150326797375 0.06013071895424824 0.06666666666666654 0.08039215686274497 0.06535947712418287 0.06666666666666653 0.06013071895424824 0.06078431372549007 0.06274509803921555 0.06666666666666651
0.05438596491228069 0.05614035087719297 0.06666666666666664 0.054970760233918115 0.09941520467836258 0.0596491228070175 0.060233918128654945 0.05906432748538009 0.08070175438596473 0.0573099415204678 0.07894736842105261 0.053801169590643294 0.06140350877192987 0.1005847953216374 0.0567251461988304
0.06013071895424824 0.06078431372549007 0.06078431372549007 0.0594771241830064 0.06470588235294104 0.06013071895424823 0.06274509803921555 0.06535947712418287 0.06601307189542469 0.062091503267973726 0.1013071895424835 0.06209150326797371 0.08692810457516324 0.0640522875816992 0.06339869281045739
0.052631578947368425 0.0549707602339181 0.08479532163742694 0.05321637426900586 0.05964912280701757 0.06257309941520463 0.05555555555555554 0.061988304093567224 0.055555555555555546 0.16666666666666638 0.06374269005847955 0.05380116959064327 0.0567251461988304 0.05789473684210522 0.06023391812865492
0.0625 0.0625 0.0625 0.06458333333333334 0.0625 0.0625 0.06805555555555555 0.10138888888888889 0.0625 0.06319444444444444 0.07430555555555556 0.0625 0.06319444444444444 0.06319444444444444 0.06458333333333334
0.05882352941176457 0.06013071895424824 0.05882352941176457 0.05882352941176457 0.0594771241830064 0.06078431372549007 0.0594771241830064 0.06013071895424824 0.059477124183006415 0.06274509803921556 0.0614379084967319 0.16209150326797359 0.05882352941176457 0.0594771241830064 0.059477124183006415
0.06319444444444444 0.0625 0.0625 0.0625 0.06319444444444444 0.06319444444444444 0.0625 0.0625 0.0625 0.0625 0.0625 0.0625 0.0625 0.06319444444444444 0.12222222222222222
0.04999999999999991 0.04999999999999991 0.050555555555555465 0.05055555555555547 0.05111111111111102 0.05833333333333324 0.05111111111111102 0.08555555555555541 0.17111111111111113 0.055555555555555455 0.05111111111111103 0.07611111111111102 0.05111111111111103 0.05277777777777769 0.09499999999999988
0.054970760233918115 0.13625730994152033 0.07894736842105265 0.055555555555555546 0.0619883040935672 0.08011695906432749 0.057309941520467804 0.0690058479532163 0.05380116959064327 0.05497076023391813 0.0567251461988304 0.05614035087719299 0.05497076023391813 0.055555555555555546 0.07368421052631573
0.05555555555555545 0.05555555555555545 0.05617283950617273 0.05555555555555545 0.05555555555555545 0.05740740740740729 0.05740740740740729 0.05617283950617273 0.05617283950617273 0.21358024691357994 0.05679012345679001 0.05555555555555545 0.05617283950617273 0.05617283950617273 0.05617283950617273
0.05882352941176457 0.10784313725490173 0.0679738562091502 0.05882352941176457 0.05882352941176457 0.05882352941176457 0.05882352941176457 0.0594771241830064 0.05882352941176457 0.11633986928104549 0.05882352941176457 0.05882352941176457 0.0594771241830064 0.05882352941176457 0.0594771241830064
0.104093567251462 0.05555555555555554 0.05380116959064327 0.05321637426900585 0.08771929824561406 0.05906432748538011 0.0543859649122807 0.059064327485380055 0.05789473684210524 0.09590643274853804 0.06549707602339185 0.09298245614035089 0.05438596491228069 0.05321637426900584 0.05321637426900585
0.05555555555555545 0.05617283950617273 0.06358024691358014 0.05740740740740729 0.0574074074074073 0.05617283950617273 0.06728395061728382 0.058641975308641854 0.05679012345679001 0.0574074074074073 0.05925925925925914 0.05740740740740729 0.07098765432098754 0.16666666666666644 0.05925925925925914
0.053801169590643294 0.05789473684210523 0.05497076023391812 0.06023391812865496 0.06257309941520464 0.06666666666666662 0.0567251461988304 0.16081871345029228 0.07602339181286548 0.05730994152046782 0.06257309941520466 0.060233918128654945 0.05789473684210525 0.05497076023391812 0.057309941520467804
0.0574074074074073 0.05679012345679001 0.05987654320987644 0.05802469135802457 0.062345679012345556 0.08209876543209862 0.06543209876543198 0.06666666666666655 0.05802469135802457 0.1253086419753084 0.058641975308641854 0.05679012345679002 0.06234567901234556 0.06728395061728383 0.06296296296296286
0.05555555555555545 0.13333333333333316 0.06111111111111099 0.05617283950617273 0.05740740740740729 0.05617283950617273 0.05679012345679001 0.05740740740740729 0.05617283950617273 0.05617283950617273 0.12962962962962946 0.05617283950617273 0.05679012345679001 0.05555555555555545 0.05555555555555545
0.10233918128654973 0.052631578947368425 0.05321637426900586 0.052631578947368425 0.05380116959064327 0.0543859649122807 0.053801169590643266 0.052631578947368425 0.05438596491228071 0.1567251461988301 0.05321637426900585 0.052631578947368425 0.0994152046783626 0.05321637426900584 0.05497076023391813
0.05132275132275127 0.06772486772486767 0.06296296296296289 0.053968253968253894 0.06507936507936501 0.0613756613756613 0.06031746031746023 0.08941798941798931 0.0814814814814814 0.05873015873015864 0.065079365079365 0.05502645502645493 0.06243386243386236 0.10264550264550258 0.06243386243386236
0.05321637426900586 0.052631578947368425 0.05321637426900585 0.052631578947368425 0.05380116959064327 0.05730994152046784 0.0549707602339181 0.06198830409356721 0.20175438596491238 0.05555555555555555 0.055555555555555566 0.08654970760233925 0.05380116959064327 0.05321637426900586 0.053801169590643266
0.047826086956521824 0.11690821256038642 0.05893719806763295 0.05797101449275372 0.05990338164251212 0.055555555555555636 0.05120772946859913 0.06618357487922713 0.05169082125603875 0.05217391304347833 0.06908212560386481 0.047342995169082205 0.0497584541062803 0.055555555555555636 0.15990338164251205
0.0594771241830064 0.05882352941176457 0.06078431372549007 0.06797385620915017 0.06274509803921555 0.06078431372549007 0.07908496732026128 0.05882352941176457 0.05882352941176457 0.0594771241830064 0.05882352941176457 0.06013071895424823 0.07647058823529398 0.0594771241830064 0.118300653594771
0.05882352941176457 0.05882352941176457 0.0594771241830064 0.05882352941176457 0.0594771241830064 0.11176470588235272 0.05882352941176457 0.06339869281045737 0.05882352941176457 0.06078431372549007 0.11241830065359452 0.06013071895424824 0.05882352941176457 0.05882352941176457 0.060784313725490056
0.054970760233918115 0.05497076023391812 0.060233918128654945 0.05614035087719298 0.05672514619883037 0.06374269005847952 0.05789473684210526 0.06023391812865497 0.0543859649122807 0.056725146198830394 0.057894736842105214 0.0549707602339181 0.057309941520467825 0.05789473684210527 0.19590643274853797
0.0594771241830064 0.05882352941176457 0.059477124183006415 0.05882352941176457 0.06013071895424823 0.06339869281045737 0.10261437908496714 0.06078431372549007 0.06078431372549008 0.06013071895424823 0.06013071895424824 0.06013071895424824 0.11372549019607821 0.062091503267973726 0.0594771241830064
0.07736625514403299 0.04032921810699593 0.04156378600823051 0.039917695473251066 0.04279835390946508 0.050205761316872474 0.04485596707818932 0.04691358024691361 0.04279835390946507 0.0666666666666668 0.05802469135802477 0.1674897119341563 0.1946502057613169 0.041152263374485645 0.04526748971193421
0.06388888888888888 0.06597222222222222 0.06319444444444444 0.0625 0.07916666666666666 0.06597222222222222 0.06666666666666667 0.06805555555555555 0.06736111111111111 0.06458333333333334 0.07013888888888889 0.06527777777777778 0.06805555555555555 0.06458333333333334 0.06458333333333334
0.05882352941176457 0.06013071895424824 0.059477124183006415 0.072549019607843 0.06274509803921555 0.0594771241830064 0.061437908496731905 0.06274509803921555 0.0594771241830064 0.06013071895424823 0.059477124183006415 0.14183006535947687 0.06013071895424823 0.06013071895424824 0.061437908496731884
0.05740740740740729 0.06666666666666655 0.06604938271604925 0.05679012345679001 0.06481481481481469 0.06296296296296285 0.07160493827160483 0.06666666666666654 0.05987654320987644 0.0604938271604937 0.06419753086419742 0.06234567901234556 0.11481481481481462 0.061728395061728274 0.06358024691358014
0.06388888888888888 0.06527777777777778 0.06527777777777778 0.06597222222222222 0.07013888888888889 0.06388888888888888 0.06666666666666667 0.06527777777777778 0.06805555555555555 0.06388888888888888 0.06388888888888888 0.07222222222222222 0.07430555555555556 0.06597222222222222 0.06527777777777778
0.06527777777777778 0.06388888888888888 0.06666666666666667 0.06597222222222222 0.06458333333333334 0.06666666666666667 0.07083333333333333 0.06944444444444445 0.06527777777777778 0.06805555555555555 0.06666666666666667 0.06458333333333334 0.06805555555555555 0.06597222222222222 0.06805555555555555
0.0625 0.0625 0.06319444444444444 0.0625 0.0625 0.0625 0.0625 0.0625 0.0625 0.0625 0.0625 0.0625 0.0625 0.12430555555555556 0.0625
0.05882352941176457 0.05882352941176457 0.06013071895424824 0.06013071895424824 0.060784313725490056 0.08104575163398679 0.06797385620915018 0.0640522875816992 0.06078431372549007 0.126143790849673 0.06078431372549007 0.0594771241830064 0.0594771241830064 0.06013071895424824 0.061437908496731905
0.06319444444444444 0.06388888888888888 0.06458333333333334 0.06388888888888888 0.06458333333333334 0.08611111111111111 0.06944444444444445 0.06736111111111111 0.06527777777777778 0.06805555555555555 0.06388888888888888 0.06388888888888888 0.06388888888888888 0.06527777777777778 0.06666666666666667
0.05882352941176457 0.0614379084967319 0.07058823529411752 0.0594771241830064 0.0594771241830064 0.06862745098039202 0.06078431372549007 0.10130718954248345 0.0594771241830064 0.062091503267973726 0.06078431372549007 0.06339869281045739 0.08823529411764687 0.06013071895424824 0.06535947712418287
0.06078431372549007 0.06078431372549007 0.06339869281045737 0.06078431372549008 0.059477124183006415 0.06274509803921555 0.062091503267973726 0.0614379084967319 0.08300653594771225 0.062091503267973726 0.06339869281045739 0.06339869281045739 0.11503267973856186 0.06013071895424824 0.0614379084967319
0.05882352941176457 0.05882352941176457 0.05882352941176457 0.05882352941176457 0.05882352941176457 0.0594771241830064 0.059477124183006415 0.05882352941176457 0.06666666666666653 0.062091503267973726 0.0614379084967319 0.10196078431372528 0.11633986928104552 0.05882352941176457 0.06078431372549007
0.06777777777777769 0.05388888888888881 0.05277777777777769 0.05111111111111103 0.07222222222222212 0.05444444444444436 0.05166666666666658 0.0527777777777777 0.22499999999999992 0.053333333333333253 0.052222222222222135 0.057222222222222126 0.05277777777777769 0.050555555555555465 0.052222222222222135
0.05166666666666657 0.053333333333333253 0.05444444444444435 0.053888888888888806 0.052222222222222135 0.06999999999999992 0.0777777777777777 0.06444444444444435 0.18444444444444438 0.05611111111111103 0.05833333333333324 0.059999999999999894 0.053333333333333253 0.05499999999999991 0.0549999999999999
0.05617283950617273 0.05555555555555545 0.05555555555555545 0.05617283950617273 0.05555555555555545 0.05555555555555545 0.05679012345679001 0.05617283950617273 0.15370370370370354 0.05617283950617273 0.05987654320987642 0.11358024691358005 0.05617283950617273 0.05555555555555545 0.0574074074074073
0.0625 0.06319444444444444 0.0625 0.06319444444444444 0.0625 0.10208333333333333 0.0625 0.06597222222222222 0.0625 0.06458333333333334 0.06319444444444444 0.0625 0.06388888888888888 0.06319444444444444 0.07569444444444444
0.06078431372549007 0.060784313725490056 0.06274509803921555 0.061437908496731905 0.06339869281045737 0.07843137254901947 0.07124183006535935 0.07320261437908483 0.06209150326797371 0.07254901960784299 0.06209150326797371 0.06862745098039204 0.06405228758169922 0.06405228758169923 0.07450980392156849
0.05789473684210523 0.06608187134502921 0.05847953216374267 0.10526315789473684 0.056725146198830415 0.0701754385964912 0.059649122807017514 0.06257309941520461 0.10818713450292392 0.06081871345029239 0.06023391812865496 0.05964912280701754 0.05614035087719297 0.05964912280701754 0.05847953216374265
0.059477124183006415 0.0640522875816992 0.06535947712418286 0.08758169934640504 0.0660130718954247 0.07973856209150311 0.06470588235294104 0.06732026143790837 0.062091503267973726 0.06797385620915018 0.06339869281045739 0.06535947712418287 0.06078431372549007 0.06339869281045739 0.06274509803921555
0.059477124183006415 0.06274509803921556 0.0614379084967319 0.11372549019607821 0.06013071895424824 0.06797385620915017 0.0660130718954247 0.06405228758169922 0.06339869281045737 0.06339869281045739 0.0614379084967319 0.060784313725490056 0.062091503267973726 0.06078431372549007 0.07254901960784299
0.0594771241830064 0.06732026143790837 0.061437908496731884 0.1117647058823527 0.0614379084967319 0.0660130718954247 0.06993464052287568 0.0660130718954247 0.0594771241830064 0.0614379084967319 0.06470588235294104 0.06339869281045739 0.06013071895424824 0.06339869281045737 0.06405228758169922
0.0625 0.0625 0.06319444444444444 0.06319444444444444 0.0625 0.10138888888888889 0.06527777777777778 0.06458333333333334 0.06319444444444444 0.06388888888888888 0.0625 0.06319444444444444 0.06319444444444444 0.06388888888888888 0.075
0.06388888888888888 0.06319444444444444 0.06527777777777778 0.06388888888888888 0.07569444444444444 0.06666666666666667 0.06388888888888888 0.06666666666666667 0.06388888888888888 0.06527777777777778 0.07361111111111111 0.07361111111111111 0.06458333333333334 0.06458333333333334 0.06527777777777778
0.05882352941176457 0.0594771241830064 0.0614379084967319 0.0771241830065358 0.06013071895424823 0.06274509803921555 0.06601307189542471 0.06274509803921555 0.06339869281045739 0.0594771241830064 0.0660130718954247 0.0614379084967319 0.11633986928104552 0.06078431372549007 0.06405228758169922
0.05166666666666658 0.05111111111111103 0.05166666666666657 0.0527777777777777 0.05944444444444435 0.05555555555555547 0.05111111111111103 0.054999999999999924 0.053333333333333253 0.0527777777777777 0.05444444444444436 0.05222222222222213 0.09999999999999987 0.10388888888888873 0.1550000000000001
0.0625 0.06388888888888888 0.07152777777777777 0.0625 0.0625 0.0625 0.0625 0.06319444444444444 0.0625 0.0625 0.0625 0.06319444444444444 0.0625 0.11319444444444444 0.0625
0.0625 0.06388888888888888 0.06388888888888888 0.0625 0.07222222222222222 0.09097222222222222 0.06319444444444444 0.06875 0.06319444444444444 0.0625 0.0625 0.06388888888888888 0.06388888888888888 0.06527777777777778 0.07083333333333333
0.11503267973856184 0.0594771241830064 0.0594771241830064 0.0594771241830064 0.06013071895424823 0.0594771241830064 0.06274509803921555 0.08496732026143776 0.06013071895424824 0.05882352941176457 0.07385620915032663 0.05882352941176457 0.06078431372549007 0.05882352941176457 0.06797385620915017
0.1023391812865497 0.058479532163742645 0.05847953216374269 0.061403508771929766 0.06491228070175435 0.07485380116959064 0.0695906432748538 0.0637426900584795 0.05906432748538009 0.06432748538011693 0.06608187134502919 0.06842105263157895 0.06257309941520467 0.05964912280701752 0.06608187134502923
0.16728395061728374 0.06049382716049372 0.05864197530864187 0.0790123456790122 0.05802469135802457 0.06172839506172829 0.058024691358024585 0.05802469135802457 0.05679012345679001 0.0574074074074073 0.0574074074074073 0.05679012345679001 0.05679012345679001 0.058024691358024585 0.05555555555555545
0.19320987654320956 0.05679012345679002 0.058641975308641875 0.05555555555555545 0.0574074074074073 0.05925925925925914 0.058641975308641854 0.058024691358024585 0.05679012345679001 0.05864197530864187 0.05864197530864187 0.05555555555555545 0.0574074074074073 0.05925925925925915 0.05617283950617273
0.1712418300653592 0.05882352941176457 0.06013071895424824 0.05882352941176457 0.059477124183006415 0.05882352941176457 0.05882352941176457 0.06013071895424824 0.05882352941176457 0.0594771241830064 0.0594771241830064 0.05882352941176457 0.05882352941176457 0.0594771241830064 0.05882352941176457
0.1608187134502921 0.05321637426900585 0.05614035087719298 0.053801169590643266 0.06081871345029239 0.06315789473684205 0.08128654970760232 0.06608187134502923 0.0567251461988304 0.05730994152046782 0.054970760233918115 0.058479532163742694 0.0619883040935672 0.05847953216374264 0.0567251461988304
0.11604938271604921 0.05617283950617273 0.06049382716049372 0.05987654320987644 0.08333333333333319 0.06049382716049371 0.05987654320987642 0.06234567901234556 0.06049382716049371 0.061111111111111005 0.06111111111111099 0.0753086419753085 0.062345679012345556 0.05925925925925915 0.06172839506172829
0.06666666666666653 0.06013071895424823 0.062091503267973726 0.06013071895424824 0.06601307189542471 0.062091503267973726 0.068627450980392 0.09019607843137242 0.062091503267973726 0.06078431372549008 0.07647058823529394 0.06535947712418286 0.06535947712418289 0.06013071895424824 0.07385620915032665
0.048677248677248604 0.059259259259259164 0.05449735449735441 0.05238095238095231 0.05079365079365071 0.05978835978835972 0.06878306878306868 0.11269841269841266 0.10476190476190472 0.05343915343915337 0.06349206349206342 0.08465608465608454 0.08253968253968247 0.050264550264550185 0.0539682539682539
0.0625 0.06805555555555555 0.06527777777777778 0.06319444444444444 0.06388888888888888 0.06458333333333334 0.06388888888888888 0.09583333333333334 0.06736111111111111 0.06388888888888888 0.06597222222222222 0.06319444444444444 0.06527777777777778 0.06458333333333334 0.0625
0.05555555555555545 0.05617283950617273 0.05617283950617273 0.1111111111111109 0.06111111111111101 0.05802469135802457 0.05802469135802457 0.06604938271604929 0.058024691358024585 0.05925925925925916 0.06790123456790118 0.1246913580246912 0.05617283950617273 0.05555555555555545 0.05617283950617273
0.0549707602339181 0.05380116959064327 0.05730994152046782 0.0543859649122807 0.059064327485380076 0.060818713450292376 0.05555555555555554 0.059649122807017535 0.1935672514619882 0.061988304093567224 0.05614035087719297 0.05730994152046784 0.05906432748538011 0.060233918128654966 0.05614035087719298
0.0543859649122807 0.05321637426900585 0.053801169590643266 0.05380116959064327 0.05555555555555555 0.06257309941520464 0.06140350877192977 0.05906432748538011 0.1912280701754385 0.06198830409356722 0.053801169590643266 0.07134502923976607 0.056725146198830415 0.05614035087719296 0.054970760233918115
0.04492753623188413 0.05748792270531411 0.047826086956521824 0.04782608695652181 0.04975845410628028 0.10724637681159427 0.05362318840579718 0.09806763285024164 0.17246376811594216 0.05748792270531409 0.057487922705314075 0.05410628019323681 0.05120772946859911 0.04927536231884065 0.051207729468599125
0.0625 0.06388888888888888 0.09861111111111111 0.0625 0.06388888888888888 0.06875 0.06388888888888888 0.06527777777777778 0.06388888888888888 0.06458333333333334 0.06319444444444444 0.0625 0.06736111111111111 0.06527777777777778 0.06388888888888888
0.05321637426900586 0.05321637426900584 0.060233918128654924 0.09824561403508775 0.05321637426900586 0.05321637426900584 0.07777777777777785 0.05730994152046782 0.05438596491228069 0.055555555555555566 0.05438596491228071 0.053801169590643266 0.12339181286549693 0.09824561403508773 0.053801169590643266
0.050555555555555465 0.050555555555555465 0.0549999999999999 0.05222222222222213 0.05111111111111103 0.05499999999999991 0.07499999999999993 0.0538888888888888 0.15888888888888908 0.05166666666666658 0.05555555555555547 0.052222222222222135 0.12888888888888886 0.056666666666666594 0.05277777777777769
0.05882352941176457 0.06013071895424823 0.0614379084967319 0.05882352941176457 0.0614379084967319 0.072549019607843 0.06339869281045737 0.11830065359477104 0.059477124183006415 0.06666666666666655 0.062091503267973726 0.06274509803921555 0.0614379084967319 0.06535947712418286 0.06732026143790838
0.0594771241830064 0.06209150326797373 0.062091503267973726 0.11176470588235272 0.068627450980392 0.07189542483660118 0.062091503267973726 0.062091503267973726 0.06274509803921555 0.06274509803921556 0.06274509803921555 0.062091503267973726 0.061437908496731905 0.06078431372549007 0.06732026143790835
0.05614035087719297 0.05730994152046782 0.06666666666666667 0.05497076023391813 0.05555555555555554 0.06725146198830408 0.06432748538011693 0.0619883040935672 0.05497076023391812 0.059649122807017514 0.10409356725146193 0.058479532163742666 0.0771929824561404 0.10116959064327485 0.06023391812865492
0.05882352941176457 0.06209150326797373 0.08888888888888871 0.05882352941176457 0.05882352941176457 0.06666666666666653 0.06013071895424824 0.060784313725490056 0.05882352941176457 0.0614379084967319 0.08888888888888873 0.059477124183006415 0.09346405228758155 0.06078431372549007 0.062091503267973726
