0.058641975308641854 0.05617283950617273 0.09259259259259246 0.06111111111111101 0.05617283950617273 0.05864197530864187 0.08518518518518504 0.07716049382716034 0.05679012345679001 0.058641975308641854 0.05679012345679001 0.05679012345679001 0.05679012345679001 0.07901234567901222 0.08950617283950599
0.0594771241830064 0.060784313725490056 0.0614379084967319 0.059477124183006415 0.06078431372549007 0.06078431372549007 0.06274509803921555 0.11307189542483635 0.06013071895424823 0.06209150326797371 0.06013071895424823 0.06013071895424824 0.06339869281045737 0.09673202614379069 0.05882352941176457
0.0594771241830064 0.05882352941176457 0.05882352941176457 0.0594771241830064 0.05882352941176457 0.059477124183006415 0.05882352941176457 0.17254901960784286 0.05882352941176457 0.05882352941176457 0.059477124183006415 0.059477124183006415 0.05882352941176457 0.0594771241830064 0.05882352941176457
0.06944444444444445 0.0625 0.075 0.06458333333333334 0.0625 0.06527777777777778 0.06458333333333334 0.06319444444444444 0.06875 0.06597222222222222 0.06458333333333334 0.06388888888888888 0.07569444444444444 0.06388888888888888 0.07013888888888889
0.0648148148148147 0.06049382716049373 0.06604938271604925 0.06049382716049372 0.0648148148148147 0.06604938271604928 0.06666666666666655 0.05864197530864187 0.061728395061728274 0.11666666666666645 0.06419753086419741 0.05925925925925915 0.06049382716049372 0.0648148148148147 0.0648148148148147
0.06736111111111111 0.06527777777777778 0.06736111111111111 0.06388888888888888 0.0625 0.06736111111111111 0.07222222222222222 0.06319444444444444 0.06388888888888888 0.08194444444444444 0.07013888888888889 0.06388888888888888 0.06319444444444444 0.06319444444444444 0.06458333333333334
0.06666666666666667 0.06458333333333334 0.06736111111111111 0.06666666666666667 0.06388888888888888 0.07013888888888889 0.06597222222222222 0.06736111111111111 0.06597222222222222 0.06736111111111111 0.06527777777777778 0.06527777777777778 0.06944444444444445 0.06458333333333334 0.06944444444444445
0.06458333333333334 0.06458333333333334 0.06527777777777778 0.06666666666666667 0.06319444444444444 0.06319444444444444 0.09166666666666666 0.0625 0.06319444444444444 0.0625 0.0625 0.0625 0.0625 0.06388888888888888 0.08125
0.06222222222222209 0.1916666666666665 0.053333333333333253 0.08055555555555553 0.053333333333333253 0.05555555555555547 0.06055555555555548 0.05777777777777769 0.05277777777777769 0.0538888888888888 0.053888888888888806 0.05166666666666658 0.05444444444444436 0.06388888888888881 0.05444444444444435
0.06597222222222222 0.075 0.0625 0.06597222222222222 0.0625 0.06805555555555555 0.06736111111111111 0.06319444444444444 0.06388888888888888 0.06319444444444444 0.06666666666666667 0.06388888888888888 0.06527777777777778 0.08055555555555556 0.06597222222222222
0.052525252525252565 0.11363636363636374 0.05000000000000001 0.07979797979797977 0.04646464646464645 0.04898989898989899 0.07020202020202032 0.047474747474747475 0.04797979797979797 0.18636363636363634 0.04797979797979797 0.04646464646464645 0.04949494949494951 0.05252525252525254 0.06010101010101012
0.06274509803921555 0.06013071895424824 0.06013071895424824 0.06732026143790834 0.059477124183006415 0.06274509803921556 0.0640522875816992 0.05882352941176457 0.062091503267973726 0.11830065359477102 0.07581699346405214 0.06078431372549007 0.0614379084967319 0.06013071895424824 0.06601307189542471
0.07152777777777777 0.06388888888888888 0.06666666666666667 0.06597222222222222 0.07222222222222222 0.06805555555555555 0.06736111111111111 0.06388888888888888 0.06597222222222222 0.06736111111111111 0.06736111111111111 0.0625 0.06527777777777778 0.06388888888888888 0.06805555555555555
0.06928104575163385 0.06078431372549007 0.06339869281045739 0.0660130718954247 0.06078431372549007 0.07973856209150312 0.07124183006535935 0.06535947712418287 0.06666666666666654 0.06666666666666654 0.06862745098039204 0.0640522875816992 0.06339869281045737 0.06666666666666653 0.06732026143790837
0.075 0.0625 0.06666666666666667 0.06458333333333334 0.07013888888888889 0.06736111111111111 0.06944444444444445 0.06458333333333334 0.06666666666666667 0.06666666666666667 0.06597222222222222 0.0625 0.06527777777777778 0.06458333333333334 0.06805555555555555
0.0577777777777777 0.05166666666666658 0.058333333333333244 0.057222222222222126 0.05166666666666658 0.05499999999999991 0.06777777777777769 0.22444444444444425 0.05277777777777769 0.0538888888888888 0.05111111111111103 0.05277777777777769 0.05444444444444436 0.054999999999999924 0.05611111111111102
0.06604938271604928 0.05987654320987644 0.06358024691358014 0.06234567901234558 0.059876543209876426 0.06728395061728384 0.07469135802469122 0.06111111111111099 0.06481481481481469 0.062345679012345556 0.06358024691358014 0.05925925925925915 0.10925925925925911 0.06358024691358014 0.06234567901234556
0.06358024691358015 0.05679012345679002 0.0574074074074073 0.05555555555555545 0.05679012345679001 0.06296296296296283 0.0660493827160493 0.1783950617283948 0.05925925925925914 0.05925925925925914 0.05679012345679002 0.05679012345679001 0.05617283950617273 0.05802469135802457 0.05617283950617273
0.06315789473684207 0.10467836257309941 0.0614035087719298 0.061403508771929786 0.05497076023391813 0.06549707602339173 0.05730994152046782 0.061403508771929835 0.06140350877192979 0.11871345029239756 0.05614035087719299 0.054970760233918115 0.05789473684210527 0.06257309941520466 0.05847953216374269
0.06388888888888888 0.0625 0.06527777777777778 0.06388888888888888 0.0625 0.06736111111111111 0.06319444444444444 0.06319444444444444 0.0625 0.06597222222222222 0.10902777777777778 0.0625 0.0625 0.0625 0.06319444444444444
0.06601307189542471 0.0640522875816992 0.06535947712418287 0.06666666666666651 0.06078431372549007 0.07516339869281032 0.07124183006535934 0.08431372549019592 0.06405228758169922 0.06274509803921556 0.0640522875816992 0.06013071895424824 0.06535947712418289 0.0640522875816992 0.06601307189542469
0.06597222222222222 0.08611111111111111 0.06388888888888888 0.0875 0.0625 0.0625 0.06319444444444444 0.0625 0.0625 0.06319444444444444 0.0625 0.06388888888888888 0.06597222222222222 0.06458333333333334 0.06319444444444444
0.06277777777777768 0.0549999999999999 0.06722222222222214 0.05777777777777769 0.05444444444444437 0.08055555555555548 0.06388888888888881 0.09999999999999992 0.05944444444444436 0.05499999999999991 0.1055555555555555 0.05277777777777769 0.05277777777777769 0.07333333333333325 0.05944444444444436
0.06013071895424824 0.05882352941176457 0.05882352941176457 0.05882352941176457 0.05882352941176457 0.0594771241830064 0.0594771241830064 0.06013071895424823 0.0594771241830064 0.17189542483660106 0.05882352941176457 0.05882352941176457 0.05882352941176457 0.05882352941176457 0.05882352941176457
0.05499999999999991 0.0527777777777777 0.06166666666666656 0.06444444444444439 0.053888888888888785 0.05722222222222215 0.08277777777777769 0.052222222222222135 0.05777777777777769 0.16500000000000006 0.0577777777777777 0.05444444444444437 0.054999999999999924 0.05833333333333324 0.0716666666666666
0.06388888888888888 0.0625 0.0625 0.0625 0.0625 0.0625 0.0625 0.0625 0.06388888888888888 0.12013888888888889 0.06319444444444444 0.0625 0.0625 0.06388888888888888 0.0625
0.06405228758169922 0.06209150326797371 0.061437908496731905 0.06666666666666653 0.06013071895424824 0.06797385620915021 0.06797385620915018 0.061437908496731884 0.0660130718954247 0.0614379084967319 0.06274509803921555 0.10392156862745079 0.06405228758169923 0.06274509803921555 0.06732026143790837
0.06878306878306872 0.051322751322751256 0.06613756613756606 0.06296296296296286 0.05132275132275125 0.1142857142857142 0.06931216931216923 0.057142857142857065 0.06137566137566128 0.06296296296296287 0.05661375661375653 0.09100529100529092 0.057671957671957604 0.06190476190476181 0.06719576719576714
0.07189542483660118 0.0594771241830064 0.06732026143790834 0.06274509803921556 0.060784313725490056 0.10392156862745079 0.06470588235294103 0.06078431372549007 0.060784313725490056 0.07058823529411752 0.0705882352941175 0.05882352941176457 0.06274509803921556 0.06274509803921555 0.06209150326797371
0.06736111111111111 0.06319444444444444 0.06527777777777778 0.06736111111111111 0.06319444444444444 0.06666666666666667 0.06597222222222222 0.0625 0.06458333333333334 0.06527777777777778 0.06388888888888888 0.06388888888888888 0.08472222222222223 0.07013888888888889 0.06597222222222222
0.05166666666666658 0.05055555555555547 0.05055555555555547 0.05166666666666658 0.09777777777777764 0.05166666666666658 0.05111111111111103 0.050555555555555465 0.23666666666666655 0.05166666666666658 0.05111111111111102 0.05166666666666658 0.050555555555555465 0.04999999999999991 0.05277777777777769
0.06805555555555555 0.06319444444444444 0.06736111111111111 0.07083333333333333 0.06319444444444444 0.06527777777777778 0.06944444444444445 0.06319444444444444 0.07361111111111111 0.06527777777777778 0.06458333333333334 0.06458333333333334 0.06944444444444445 0.06458333333333334 0.06736111111111111
0.06666666666666667 0.06458333333333334 0.06805555555555555 0.07083333333333333 0.06319444444444444 0.06805555555555555 0.06527777777777778 0.06319444444444444 0.06805555555555555 0.06458333333333334 0.06736111111111111 0.07083333333333333 0.06527777777777778 0.06527777777777778 0.06875
0.06944444444444445 0.06458333333333334 0.06597222222222222 0.06666666666666667 0.06319444444444444 0.06805555555555555 0.06736111111111111 0.06527777777777778 0.07708333333333334 0.06666666666666667 0.06527777777777778 0.06527777777777778 0.06736111111111111 0.06458333333333334 0.06319444444444444
0.05555555555555555 0.17426900584795277 0.05380116959064327 0.08888888888888895 0.052631578947368425 0.05614035087719302 0.0766081871345028 0.05321637426900584 0.05321637426900585 0.05321637426900584 0.052631578947368425 0.052631578947368425 0.058479532163742645 0.0543859649122807 0.06432748538011698
0.07373737373737385 0.052525252525252565 0.06515151515151522 0.05757575757575762 0.04949494949494949 0.10050505050505054 0.09090909090909091 0.057575757575757606 0.06060606060606065 0.058585858585858644 0.1116161616161617 0.053030303030303046 0.05202020202020206 0.05757575757575759 0.05909090909090916
0.05964912280701755 0.16666666666666646 0.05847953216374267 0.060233918128654966 0.057309941520467846 0.06081871345029236 0.0614035087719298 0.06315789473684211 0.057309941520467825 0.05730994152046782 0.05847953216374265 0.05789473684210525 0.06081871345029235 0.0596491228070175 0.060818713450292376
0.0577777777777777 0.15833333333333346 0.05499999999999991 0.06055555555555544 0.05277777777777769 0.0627777777777777 0.06055555555555547 0.058888888888888796 0.05444444444444436 0.10388888888888878 0.053333333333333253 0.05277777777777769 0.05499999999999991 0.05777777777777769 0.05611111111111103
0.07017543859649118 0.05847953216374267 0.0660818713450292 0.06315789473684205 0.061403508771929786 0.0637426900584795 0.06198830409356724 0.05614035087719295 0.0614035087719298 0.12222222222222216 0.0684210526315789 0.058479532163742694 0.06257309941520466 0.06257309941520464 0.0631578947368421
0.05730994152046784 0.05789473684210524 0.057309941520467825 0.061988304093567224 0.05497076023391813 0.06081871345029236 0.06432748538011693 0.05964912280701755 0.06081871345029237 0.16257309941520445 0.05438596491228069 0.06374269005847949 0.05906432748538012 0.06257309941520466 0.06257309941520463
0.07345679012345667 0.05925925925925914 0.06296296296296285 0.07654320987654306 0.061111111111110984 0.06481481481481469 0.07037037037037026 0.05864197530864187 0.06790123456790112 0.07716049382716039 0.06790123456790113 0.058641975308641875 0.06296296296296283 0.06975308641975296 0.06851851851851837
0.05396825396825389 0.04973544973544965 0.05555555555555548 0.04973544973544967 0.04920634920634914 0.1888888888888886 0.05132275132275127 0.09312169312169309 0.053439153439153356 0.09470899470899459 0.05026455026455019 0.05502645502645495 0.05079365079365073 0.050793650793650724 0.053439153439153356
0.06666666666666653 0.06274509803921555 0.06601307189542471 0.06928104575163384 0.06535947712418289 0.06862745098039204 0.06862745098039202 0.06535947712418286 0.0679738562091502 0.06535947712418287 0.06405228758169923 0.06470588235294106 0.06666666666666654 0.06666666666666653 0.07189542483660119
0.07152777777777777 0.06458333333333334 0.06736111111111111 0.06527777777777778 0.06319444444444444 0.06805555555555555 0.07013888888888889 0.0625 0.06736111111111111 0.07222222222222222 0.06736111111111111 0.06458333333333334 0.06388888888888888 0.06458333333333334 0.06736111111111111
0.08479532163742677 0.05438596491228071 0.059064327485380076 0.05672514619883039 0.057309941520467825 0.07543859649122803 0.09649122807017542 0.06783625730994146 0.05906432748538012 0.06257309941520463 0.09941520467836254 0.05555555555555554 0.059649122807017514 0.05614035087719297 0.05555555555555555
0.06919191919191932 0.05000000000000001 0.08838383838383836 0.05303030303030306 0.04898989898989899 0.06212121212121219 0.07575757575757575 0.08030303030303032 0.05151515151515151 0.058585858585858665 0.09090909090909091 0.04696969696969696 0.09646464646464649 0.058080808080808115 0.06969696969696985
0.06875 0.06805555555555555 0.07152777777777777 0.06805555555555555 0.06527777777777778 0.06527777777777778 0.06875 0.06388888888888888 0.06527777777777778 0.06458333333333334 0.06527777777777778 0.0625 0.06458333333333334 0.06666666666666667 0.07152777777777777
0.07712418300653581 0.06339869281045739 0.07320261437908483 0.06666666666666653 0.06470588235294104 0.06732026143790835 0.06993464052287568 0.06013071895424824 0.0679738562091502 0.0614379084967319 0.06535947712418287 0.06339869281045739 0.06339869281045739 0.06601307189542471 0.06993464052287567
0.056565656565656625 0.14595959595959604 0.057070707070707126 0.054545454545454564 0.05151515151515153 0.06313131313131322 0.06313131313131315 0.05959595959595966 0.05656565656565661 0.0494949494949495 0.13282828282828296 0.05050505050505053 0.05202020202020205 0.053535353535353575 0.053535353535353526
0.06900584795321633 0.05906432748538009 0.06432748538011696 0.06783625730994153 0.056725146198830394 0.08187134502923972 0.07309941520467834 0.06842105263157891 0.06725146198830408 0.06900584795321635 0.0690058479532163 0.060233918128654945 0.057309941520467804 0.06491228070175437 0.07192982456140345
0.0594771241830064 0.05882352941176457 0.060784313725490056 0.0594771241830064 0.11699346405228736 0.05882352941176457 0.0594771241830064 0.05882352941176457 0.10915032679738539 0.0594771241830064 0.05882352941176457 0.0614379084967319 0.059477124183006415 0.059477124183006415 0.059477124183006415
0.06666666666666664 0.05789473684210524 0.06900584795321632 0.05964912280701752 0.0807017543859649 0.06432748538011691 0.06432748538011693 0.05789473684210526 0.06198830409356721 0.060233918128654966 0.11988304093567245 0.056725146198830394 0.056725146198830394 0.06140350877192977 0.0625730994152046
0.06319444444444444 0.0625 0.0625 0.06319444444444444 0.0625 0.06319444444444444 0.06388888888888888 0.0625 0.0625 0.11666666666666667 0.06458333333333334 0.0625 0.0625 0.06388888888888888 0.06388888888888888
0.06875 0.06458333333333334 0.07013888888888889 0.06458333333333334 0.06388888888888888 0.06597222222222222 0.06527777777777778 0.06944444444444445 0.06458333333333334 0.07013888888888889 0.06875 0.06666666666666667 0.06597222222222222 0.06736111111111111 0.06388888888888888
0.06013071895424824 0.0594771241830064 0.09281045751633969 0.06013071895424823 0.11307189542483635 0.0614379084967319 0.061437908496731905 0.0594771241830064 0.06013071895424823 0.05882352941176457 0.062091503267973726 0.05882352941176457 0.06078431372549007 0.06078431372549007 0.0705882352941175
0.06805555555555555 0.0625 0.0798611111111111 0.06666666666666667 0.06319444444444444 0.06736111111111111 0.06458333333333334 0.0625 0.06319444444444444 0.06319444444444444 0.0625 0.0625 0.06319444444444444 0.06527777777777778 0.08541666666666667
0.06388888888888888 0.06319444444444444 0.06458333333333334 0.06805555555555555 0.0625 0.06388888888888888 0.09097222222222222 0.0625 0.06319444444444444 0.0625 0.0625 0.0625 0.0625 0.06319444444444444 0.08402777777777778
0.0865497076023391 0.0567251461988304 0.06315789473684211 0.06608187134502917 0.05672514619883039 0.07894736842105259 0.08011695906432752 0.07602339181286542 0.06140350877192979 0.06842105263157888 0.0678362573099415 0.05730994152046786 0.059649122807017514 0.059649122807017514 0.06140350877192979
0.06597222222222222 0.06597222222222222 0.06597222222222222 0.0625 0.0625 0.06805555555555555 0.06388888888888888 0.09722222222222222 0.06458333333333334 0.06458333333333334 0.0625 0.06388888888888888 0.06458333333333334 0.06458333333333334 0.06319444444444444
0.0801169590643274 0.05730994152046784 0.05789473684210522 0.06140350877192979 0.10760233918128653 0.07017543859649115 0.0789473684210527 0.06783625730994146 0.0614035087719298 0.0678362573099415 0.06198830409356721 0.05614035087719298 0.055555555555555546 0.05906432748538009 0.0567251461988304
0.08024691358024676 0.05555555555555545 0.05679012345679001 0.05555555555555545 0.1111111111111109 0.06666666666666655 0.0839506172839506 0.08395061728395053 0.05555555555555545 0.05740740740740729 0.06604938271604925 0.05555555555555545 0.05679012345679001 0.0574074074074073 0.05740740740740729
0.0633986928104574 0.0614379084967319 0.06601307189542471 0.06339869281045737 0.0614379084967319 0.0660130718954247 0.06470588235294103 0.11503267973856186 0.06470588235294106 0.06470588235294104 0.06339869281045739 0.06013071895424823 0.062091503267973726 0.06078431372549007 0.06274509803921556
0.05882352941176457 0.05882352941176457 0.05882352941176457 0.0594771241830064 0.1751633986928102 0.05882352941176457 0.05882352941176457 0.05882352941176457 0.05882352941176457 0.05882352941176457 0.05882352941176457 0.05882352941176457 0.05882352941176457 0.0594771241830064 0.05882352941176457
0.057309941520467825 0.05380116959064327 0.056725146198830394 0.05614035087719298 0.1654970760233916 0.05730994152046779 0.05672514619883037 0.05438596491228071 0.05497076023391813 0.05497076023391814 0.056725146198830415 0.10467836257309943 0.0549707602339181 0.05789473684210525 0.05789473684210522
0.05740740740740729 0.10802469135802449 0.05802469135802457 0.0574074074074073 0.05740740740740729 0.05740740740740729 0.05802469135802457 0.05679012345679001 0.05740740740740729 0.10555555555555537 0.05925925925925915 0.05679012345679001 0.09506172839506155 0.058024691358024585 0.05740740740740729
0.08395061728395048 0.05802469135802457 0.06419753086419742 0.06543209876543199 0.059876543209876426 0.07469135802469123 0.08209876543209868 0.05864197530864187 0.06111111111111099 0.06666666666666655 0.06049382716049372 0.05802469135802457 0.061111111111111005 0.07345679012345667 0.07222222222222212
0.07385620915032666 0.06209150326797373 0.06666666666666654 0.0745098039215685 0.059477124183006415 0.06797385620915018 0.06797385620915021 0.06209150326797373 0.08496732026143775 0.06339869281045737 0.06274509803921556 0.0614379084967319 0.062091503267973726 0.0660130718954247 0.06470588235294103
0.0790849673202613 0.06405228758169923 0.06535947712418289 0.0836601307189541 0.06339869281045737 0.0640522875816992 0.0679738562091502 0.06470588235294103 0.06666666666666653 0.0633986928104574 0.06274509803921555 0.062091503267973726 0.062091503267973726 0.06339869281045739 0.06732026143790835
0.06013071895424823 0.059477124183006415 0.06209150326797373 0.06732026143790834 0.05882352941176457 0.0594771241830064 0.06013071895424824 0.05882352941176457 0.059477124183006415 0.10522875816993445 0.06339869281045739 0.059477124183006415 0.10522875816993442 0.06013071895424823 0.060784313725490056
0.06736111111111111 0.06527777777777778 0.06805555555555555 0.07083333333333333 0.06458333333333334 0.06805555555555555 0.06736111111111111 0.06319444444444444 0.07361111111111111 0.06736111111111111 0.06458333333333334 0.06388888888888888 0.06458333333333334 0.06458333333333334 0.06666666666666667
0.07013888888888889 0.06458333333333334 0.06875 0.07291666666666667 0.06319444444444444 0.06666666666666667 0.07013888888888889 0.0625 0.07569444444444444 0.06597222222222222 0.06319444444444444 0.06388888888888888 0.06319444444444444 0.06458333333333334 0.06458333333333334
0.0594771241830064 0.059477124183006415 0.05882352941176457 0.06013071895424824 0.1156862745098037 0.05882352941176457 0.0594771241830064 0.05882352941176457 0.11176470588235272 0.05882352941176457 0.05882352941176457 0.06078431372549007 0.0594771241830064 0.06013071895424823 0.0594771241830064
0.07361111111111111 0.06527777777777778 0.06319444444444444 0.06805555555555555 0.06388888888888888 0.06666666666666667 0.07013888888888889 0.06319444444444444 0.07222222222222222 0.06527777777777778 0.06597222222222222 0.0625 0.06458333333333334 0.06805555555555555 0.06736111111111111
0.06728395061728383 0.05925925925925914 0.06296296296296283 0.0839506172839505 0.05864197530864187 0.05679012345679001 0.06358024691358014 0.0679012345679011 0.06234567901234556 0.059876543209876426 0.058024691358024585 0.05740740740740729 0.11358024691358004 0.06234567901234556 0.06604938271604925
0.061111111111111005 0.05617283950617273 0.0574074074074073 0.06419753086419742 0.05740740740740729 0.05864197530864187 0.07592592592592581 0.05555555555555545 0.05864197530864187 0.05740740740740729 0.05740740740740729 0.05617283950617273 0.16419753086419728 0.058641975308641875 0.06111111111111099
0.06339869281045739 0.06078431372549007 0.0882352941176469 0.06470588235294106 0.06013071895424823 0.0640522875816992 0.061437908496731905 0.06078431372549007 0.06339869281045737 0.062091503267973726 0.06209150326797373 0.06339869281045737 0.06274509803921555 0.06470588235294104 0.0980392156862744
0.06666666666666655 0.05617283950617273 0.06790123456790115 0.06666666666666654 0.08209876543209864 0.059876543209876426 0.06358024691358014 0.08024691358024674 0.06049382716049371 0.06419753086419741 0.06234567901234558 0.058641975308641854 0.05925925925925914 0.09012345679012332 0.06172839506172829
0.06535947712418287 0.06274509803921556 0.1013071895424835 0.061437908496731884 0.060784313725490056 0.06470588235294103 0.06666666666666653 0.0614379084967319 0.062091503267973726 0.06339869281045739 0.06339869281045737 0.06078431372549007 0.06470588235294106 0.06862745098039201 0.07254901960784299
0.07777777777777765 0.059876543209876426 0.06851851851851841 0.0722222222222221 0.058641975308641854 0.06358024691358012 0.08271604938271593 0.06172839506172829 0.06543209876543198 0.07469135802469123 0.06543209876543199 0.05925925925925915 0.05925925925925914 0.061111111111111005 0.06975308641975296
0.0625 0.0625 0.0625 0.0625 0.0625 0.06319444444444444 0.06319444444444444 0.0625 0.06319444444444444 0.06319444444444444 0.12013888888888889 0.0625 0.06388888888888888 0.0625 0.06319444444444444
0.06388888888888888 0.06388888888888888 0.06388888888888888 0.06458333333333334 0.06319444444444444 0.06319444444444444 0.06319444444444444 0.06319444444444444 0.0625 0.0625 0.0625 0.0625 0.11458333333333333 0.06319444444444444 0.06319444444444444
0.06597222222222222 0.06666666666666667 0.06875 0.06736111111111111 0.06666666666666667 0.06736111111111111 0.06944444444444445 0.06736111111111111 0.06736111111111111 0.07222222222222222 0.06458333333333334 0.06388888888888888 0.06319444444444444 0.06597222222222222 0.06319444444444444
0.05617283950617273 0.05617283950617273 0.05925925925925914 0.05679012345679001 0.05617283950617273 0.05679012345679001 0.05555555555555545 0.0574074074074073 0.05617283950617273 0.058641975308641854 0.05679012345679002 0.05679012345679002 0.20493827160493797 0.05555555555555545 0.05679012345679001
0.0625 0.06319444444444444 0.0625 0.06319444444444444 0.12222222222222222 0.0625 0.0625 0.0625 0.0625 0.0625 0.0625 0.0625 0.0625 0.06319444444444444 0.06319444444444444
0.07222222222222212 0.05679012345679001 0.09629629629629616 0.06543209876543199 0.05679012345679001 0.06790123456790113 0.05740740740740729 0.05617283950617273 0.08456790123456777 0.05555555555555545 0.05679012345679001 0.05617283950617273 0.058024691358024585 0.05925925925925915 0.1006172839506172
0.06388888888888888 0.0625 0.0625 0.06319444444444444 0.0625 0.0625 0.06388888888888888 0.0625 0.06319444444444444 0.06319444444444444 0.0625 0.11944444444444445 0.06319444444444444 0.0625 0.0625
0.08641975308641961 0.05617283950617273 0.05555555555555545 0.07222222222222212 0.05555555555555545 0.05679012345679001 0.05617283950617273 0.05679012345679001 0.05802469135802457 0.05740740740740729 0.05555555555555545 0.16296296296296275 0.0574074074074073 0.05555555555555545 0.05740740740740729
0.06736111111111111 0.0625 0.06388888888888888 0.06319444444444444 0.0625 0.06736111111111111 0.06875 0.10416666666666667 0.06319444444444444 0.0625 0.0625 0.0625 0.06319444444444444 0.06388888888888888 0.0625
0.06274509803921555 0.06013071895424824 0.06732026143790835 0.06405228758169922 0.05882352941176457 0.06339869281045739 0.06993464052287568 0.0614379084967319 0.06078431372549007 0.12352941176470562 0.0614379084967319 0.062091503267973726 0.05882352941176457 0.06339869281045737 0.062091503267973726
0.06405228758169922 0.06470588235294104 0.06993464052287568 0.0660130718954247 0.062091503267973726 0.06274509803921556 0.07450980392156849 0.06732026143790838 0.0679738562091502 0.06928104575163385 0.06470588235294104 0.06535947712418287 0.06470588235294103 0.06535947712418287 0.07124183006535935
0.06319444444444444 0.0625 0.06666666666666667 0.06388888888888888 0.0625 0.06736111111111111 0.06319444444444444 0.0625 0.0625 0.06527777777777778 0.10902777777777778 0.0625 0.0625 0.0625 0.06388888888888888
0.07037037037037024 0.059876543209876426 0.06604938271604927 0.0604938271604937 0.06604938271604925 0.06543209876543199 0.06790123456790113 0.05617283950617273 0.06049382716049372 0.06604938271604927 0.11481481481481465 0.05679012345679002 0.06296296296296285 0.061111111111111005 0.06543209876543199
0.06944444444444445 0.06388888888888888 0.06736111111111111 0.06527777777777778 0.06458333333333334 0.06736111111111111 0.06666666666666667 0.0625 0.06458333333333334 0.07152777777777777 0.06944444444444445 0.06388888888888888 0.06388888888888888 0.06944444444444445 0.07013888888888889
0.06319444444444444 0.0625 0.06666666666666667 0.06527777777777778 0.0625 0.06458333333333334 0.06388888888888888 0.0625 0.0625 0.06388888888888888 0.10902777777777778 0.0625 0.06388888888888888 0.06388888888888888 0.06319444444444444
0.06944444444444445 0.06597222222222222 0.06388888888888888 0.06597222222222222 0.06319444444444444 0.06458333333333334 0.06458333333333334 0.06527777777777778 0.08680555555555555 0.06458333333333334 0.06597222222222222 0.06458333333333334 0.06527777777777778 0.06527777777777778 0.06458333333333334
0.06732026143790835 0.07712418300653581 0.06339869281045737 0.09542483660130703 0.062091503267973726 0.062091503267973726 0.06732026143790835 0.061437908496731884 0.06405228758169922 0.06535947712418287 0.0633986928104574 0.0594771241830064 0.06666666666666653 0.06209150326797373 0.06274509803921556
0.06666666666666655 0.059876543209876426 0.07592592592592579 0.07716049382716039 0.05679012345679002 0.0648148148148147 0.0839506172839505 0.06049382716049371 0.06481481481481469 0.06172839506172829 0.058641975308641875 0.058024691358024585 0.05740740740740729 0.07037037037037025 0.08333333333333322
0.06031746031746024 0.05132275132275125 0.055555555555555476 0.056084656084656015 0.0576719576719576 0.051851851851851795 0.0661375661375661 0.23386243386243363 0.05238095238095229 0.05714285714285706 0.05396825396825389 0.051851851851851774 0.04920634920634914 0.051851851851851795 0.050793650793650724
0.06862745098039201 0.0614379084967319 0.06405228758169922 0.06666666666666653 0.06078431372549007 0.06339869281045737 0.06535947712418287 0.1065359477124181 0.06013071895424823 0.06993464052287567 0.06209150326797373 0.0614379084967319 0.06470588235294104 0.0614379084967319 0.06339869281045739
0.06013071895424824 0.11372549019607821 0.05882352941176457 0.0594771241830064 0.05882352941176457 0.05882352941176457 0.0594771241830064 0.05882352941176457 0.0594771241830064 0.11241830065359455 0.06013071895424823 0.059477124183006415 0.06274509803921556 0.05882352941176457 0.05882352941176457
0.05882352941176457 0.05882352941176457 0.06013071895424823 0.0594771241830064 0.17450980392156837 0.05882352941176457 0.05882352941176457 0.05882352941176457 0.05882352941176457 0.05882352941176457 0.05882352941176457 0.05882352941176457 0.05882352941176457 0.05882352941176457 0.05882352941176457
0.058024691358024585 0.05679012345679001 0.06111111111111099 0.06111111111111102 0.05555555555555545 0.05802469135802457 0.07839506172839494 0.05679012345679001 0.05555555555555545 0.05617283950617273 0.05555555555555545 0.05555555555555545 0.15925925925925905 0.05617283950617273 0.0759259259259258
0.06315789473684211 0.11345029239766073 0.06140350877192979 0.06081871345029237 0.057309941520467825 0.058479532163742694 0.06432748538011693 0.0637426900584795 0.05906432748538009 0.0590643274853801 0.05614035087719297 0.05730994152046782 0.06198830409356724 0.09298245614035092 0.07076023391812858
0.057222222222222126 0.10277777777777766 0.057777777777777664 0.08111111111111104 0.06333333333333321 0.0549999999999999 0.0738888888888888 0.06777777777777766 0.0538888888888888 0.05166666666666658 0.050555555555555465 0.05277777777777768 0.05222222222222214 0.10722222222222223 0.07277777777777773
0.06209150326797373 0.06013071895424824 0.0699346405228757 0.06274509803921555 0.0614379084967319 0.06339869281045739 0.0614379084967319 0.06209150326797373 0.0614379084967319 0.11699346405228736 0.060784313725490056 0.0614379084967319 0.06928104575163384 0.06013071895424823 0.06666666666666653
0.06388888888888888 0.0625 0.06458333333333334 0.06458333333333334 0.0625 0.06458333333333334 0.0625 0.0625 0.0625 0.06527777777777778 0.11388888888888889 0.0625 0.0625 0.0625 0.06319444444444444
0.06736111111111111 0.06527777777777778 0.06666666666666667 0.07013888888888889 0.06388888888888888 0.06527777777777778 0.06666666666666667 0.0625 0.06597222222222222 0.0763888888888889 0.06666666666666667 0.06527777777777778 0.06527777777777778 0.06736111111111111 0.06527777777777778
0.06608187134502926 0.12982456140350856 0.061988304093567224 0.0602339181286549 0.05497076023391812 0.0736842105263158 0.06549707602339176 0.05789473684210526 0.0608187134502924 0.058479532163742694 0.059064327485380076 0.061988304093567245 0.06257309941520466 0.0660818713450292 0.06081871345029236
0.06049382716049373 0.17098765432098742 0.059876543209876426 0.0641975308641974 0.05617283950617273 0.058024691358024585 0.05925925925925916 0.05802469135802457 0.061111111111111005 0.061111111111111005 0.058024691358024585 0.05555555555555545 0.0604938271604937 0.05925925925925915 0.05740740740740729
0.07619047619047613 0.11640211640211637 0.0714285714285713 0.07142857142857133 0.050264550264550185 0.07089947089947082 0.08783068783068775 0.05925925925925918 0.05502645502645495 0.058201058201058115 0.05291005291005283 0.050793650793650724 0.05343915343915337 0.05714285714285706 0.06878306878306871
0.06049382716049371 0.1302469135802467 0.05925925925925915 0.08888888888888878 0.05679012345679001 0.06049382716049371 0.061728395061728274 0.05617283950617273 0.05740740740740729 0.05802469135802459 0.05925925925925915 0.05925925925925915 0.0679012345679011 0.061728395061728274 0.06234567901234556
0.0625 0.12083333333333333 0.0625 0.06458333333333334 0.0625 0.06319444444444444 0.0625 0.0625 0.0625 0.0625 0.0625 0.0625 0.06319444444444444 0.0625 0.06319444444444444
0.0660130718954247 0.11699346405228735 0.06339869281045739 0.062091503267973726 0.05882352941176457 0.062091503267973726 0.06928104575163384 0.05882352941176457 0.06732026143790837 0.06013071895424824 0.062091503267973726 0.06405228758169922 0.05882352941176457 0.06601307189542471 0.0640522875816992
0.0641975308641974 0.0999999999999998 0.05925925925925915 0.05925925925925914 0.05617283950617273 0.062345679012345556 0.06296296296296285 0.09753086419753071 0.05740740740740729 0.058024691358024585 0.058641975308641854 0.05617283950617273 0.0574074074074073 0.0932098765432097 0.05740740740740729
0.05882352941176457 0.059477124183006415 0.05882352941176457 0.05882352941176457 0.17189542483660106 0.05882352941176457 0.05882352941176457 0.05882352941176457 0.0614379084967319 0.05882352941176457 0.05882352941176457 0.05882352941176457 0.05882352941176457 0.05882352941176457 0.06013071895424824
0.0759259259259258 0.10864197530864177 0.0648148148148147 0.06049382716049371 0.06604938271604925 0.06604938271604928 0.06543209876543199 0.06358024691358015 0.061728395061728294 0.06172839506172829 0.06049382716049371 0.058024691358024585 0.06172839506172829 0.06234567901234556 0.06296296296296286
0.056725146198830415 0.053801169590643266 0.05380116959064327 0.053801169590643294 0.05321637426900585 0.22397660818713458 0.054970760233918115 0.05438596491228069 0.053801169590643266 0.05497076023391812 0.06725146198830408 0.05497076023391813 0.05438596491228071 0.0543859649122807 0.055555555555555546
0.06728395061728382 0.06666666666666655 0.06975308641975296 0.07037037037037026 0.058024691358024585 0.06481481481481471 0.07037037037037026 0.07407407407407396 0.061728395061728294 0.06666666666666654 0.06111111111111099 0.061728395061728274 0.06111111111111099 0.07283950617283938 0.07345679012345667
0.05808080808080815 0.047474747474747475 0.04848484848484849 0.04949494949494948 0.047474747474747475 0.056060606060606095 0.06666666666666668 0.2717171717171718 0.05353535353535359 0.0494949494949495 0.05101010101010104 0.047474747474747475 0.05202020202020205 0.05050505050505051 0.05050505050505051
0.0539682539682539 0.048677248677248604 0.052380952380952306 0.05714285714285706 0.05238095238095231 0.0952380952380951 0.06243386243386237 0.18095238095238067 0.056084656084655994 0.05767195767195762 0.05873015873015866 0.05343915343915337 0.05238095238095229 0.065079365079365 0.053439153439153356
0.08827160493827153 0.06358024691358014 0.07530864197530852 0.06666666666666655 0.05679012345679001 0.06728395061728384 0.0734567901234567 0.059876543209876426 0.06358024691358014 0.06049382716049371 0.07345679012345666 0.059876543209876426 0.059876543209876426 0.06728395061728383 0.06419753086419742
0.060317460317460214 0.1957671957671955 0.05502645502645493 0.12645502645502635 0.04920634920634914 0.04920634920634913 0.05132275132275124 0.0507936507936507 0.04973544973544967 0.052380952380952306 0.05132275132275125 0.048677248677248604 0.05291005291005285 0.055555555555555476 0.05132275132275125
0.05789473684210523 0.05438596491228069 0.08304093567251464 0.06315789473684211 0.16959064327485357 0.05847953216374267 0.05672514619883039 0.05438596491228069 0.06257309941520466 0.05555555555555554 0.05614035087719296 0.05497076023391813 0.055555555555555566 0.060233918128654945 0.057309941520467804
0.06458333333333334 0.06875 0.06875 0.07430555555555556 0.06388888888888888 0.06597222222222222 0.06527777777777778 0.06805555555555555 0.06458333333333334 0.06736111111111111 0.06597222222222222 0.06458333333333334 0.06736111111111111 0.06527777777777778 0.06527777777777778
0.06604938271604927 0.05679012345679001 0.12345679012345669 0.06296296296296285 0.06296296296296286 0.05802469135802457 0.06358024691358012 0.059876543209876426 0.06481481481481469 0.058024691358024585 0.06481481481481469 0.059876543209876426 0.05925925925925915 0.062345679012345556 0.07716049382716035
0.06358024691358014 0.05740740740740729 0.11604938271604928 0.09197530864197516 0.05987654320987644 0.06419753086419741 0.06111111111111099 0.05740740740740729 0.061111111111110984 0.05679012345679001 0.05987654320987642 0.05740740740740729 0.06111111111111099 0.06296296296296285 0.06913580246913567
0.07581699346405214 0.05882352941176457 0.06732026143790834 0.09281045751633969 0.0614379084967319 0.06078431372549008 0.07254901960784299 0.059477124183006415 0.06274509803921555 0.06535947712418287 0.0660130718954247 0.06078431372549007 0.0614379084967319 0.06535947712418287 0.06928104575163385
0.07013888888888889 0.06388888888888888 0.06666666666666667 0.06597222222222222 0.06319444444444444 0.06458333333333334 0.07569444444444444 0.06388888888888888 0.06875 0.06388888888888888 0.06666666666666667 0.06944444444444445 0.06388888888888888 0.06527777777777778 0.06805555555555555
0.07189542483660118 0.0679738562091502 0.06666666666666651 0.10130718954248355 0.062091503267973726 0.06470588235294104 0.06339869281045737 0.06339869281045737 0.062091503267973726 0.06405228758169922 0.06274509803921556 0.0594771241830064 0.06274509803921556 0.06732026143790835 0.06013071895424824
0.059788359788359696 0.0597883597883597 0.0619047619047618 0.05820105820105814 0.05238095238095231 0.05925925925925918 0.0925925925925925 0.1513227513227512 0.05873015873015866 0.055555555555555455 0.05185185185185177 0.04973544973544967 0.056084656084656 0.05555555555555547 0.07724867724867722
0.07283950617283952 0.040740740740740786 0.11399176954732483 0.12386831275720153 0.039506172839506214 0.10658436213991765 0.05267489711934165 0.04032921810699592 0.059259259259259296 0.04320987654320991 0.050617283950617334 0.038271604938271656 0.0415637860082305 0.043621399176954796 0.13292181069958842
0.06666666666666655 0.061111111111111005 0.08641975308641961 0.06666666666666655 0.062345679012345556 0.06172839506172829 0.06666666666666655 0.05925925925925914 0.06049382716049371 0.061728395061728274 0.0648148148148147 0.05925925925925914 0.06049382716049371 0.06419753086419742 0.09814814814814801
0.0594771241830064 0.0614379084967319 0.060784313725490056 0.06274509803921557 0.11503267973856186 0.06274509803921555 0.08431372549019593 0.05882352941176457 0.06013071895424823 0.06013071895424824 0.05882352941176457 0.05882352941176457 0.05882352941176457 0.059477124183006415 0.07843137254901945
0.06111111111111099 0.14055555555555563 0.057222222222222126 0.06555555555555546 0.05055555555555547 0.06055555555555546 0.07555555555555545 0.04999999999999991 0.05666666666666658 0.05444444444444435 0.09833333333333323 0.050555555555555465 0.05555555555555547 0.05777777777777769 0.06555555555555549
0.061375661375661285 0.06402116402116398 0.06243386243386233 0.06560846560846556 0.04920634920634913 0.06931216931216924 0.07777777777777768 0.05132275132275125 0.05714285714285706 0.05343915343915337 0.061904761904761844 0.05026455026455019 0.1052910052910052 0.09417989417989413 0.07671957671957666
0.06405228758169922 0.06339869281045739 0.06470588235294104 0.06862745098039204 0.06013071895424824 0.06535947712418287 0.09281045751633972 0.06339869281045737 0.06470588235294107 0.06470588235294103 0.06078431372549007 0.059477124183006415 0.062091503267973726 0.06274509803921555 0.08300653594771228
0.06608187134502921 0.05789473684210527 0.06900584795321633 0.0660818713450292 0.06023391812865492 0.06608187134502921 0.09298245614035082 0.059649122807017535 0.06900584795321636 0.06608187134502919 0.06081871345029239 0.06198830409356726 0.05789473684210526 0.060233918128654945 0.08596491228070176
0.06274509803921555 0.060784313725490056 0.06470588235294103 0.061437908496731905 0.07254901960784299 0.06535947712418289 0.062091503267973726 0.0614379084967319 0.06078431372549007 0.06928104575163385 0.10980392156862724 0.0614379084967319 0.06274509803921556 0.0614379084967319 0.06339869281045737
0.06209150326797373 0.05882352941176457 0.06405228758169924 0.06535947712418286 0.08627450980392139 0.060784313725490056 0.06013071895424823 0.05882352941176457 0.10849673202614356 0.06078431372549007 0.06405228758169922 0.06274509803921555 0.06013071895424824 0.06732026143790837 0.06013071895424824
