0.11637426900584785 0.057309941520467825 0.06081871345029234 0.05789473684210524 0.06140350877192977 0.06725146198830406 0.05497076023391813 0.05555555555555554 0.05614035087719297 0.10116959064327487 0.0736842105263158 0.05614035087719297 0.05614035087719295 0.057309941520467825 0.06783625730994153
0.1328042328042327 0.05185185185185177 0.06984126984126975 0.10423280423280416 0.05291005291005283 0.059259259259259185 0.06031746031746022 0.050264550264550206 0.052910052910052824 0.056084656084656 0.09153439153439147 0.05873015873015866 0.05449735449735442 0.05238095238095231 0.052380952380952306
0.11372549019607828 0.06013071895424824 0.062091503267973726 0.06013071895424823 0.06078431372549007 0.061437908496731905 0.08562091503267956 0.06078431372549007 0.06405228758169922 0.060784313725490056 0.06274509803921556 0.06078431372549007 0.05882352941176457 0.06209150326797371 0.0660130718954247
0.0417777777777778 0.04222222222222226 0.05600000000000003 0.04755555555555559 0.04133333333333336 0.05155555555555559 0.1804444444444443 0.0417777777777778 0.2195555555555555 0.04355555555555558 0.05288888888888892 0.04222222222222225 0.04311111111111114 0.04088888888888891 0.05511111111111115
0.0625 0.0625 0.0625 0.06319444444444444 0.0625 0.0625 0.0625 0.0625 0.12430555555555556 0.0625 0.0625 0.0625 0.0625 0.0625 0.0625
0.10111111111111094 0.05111111111111103 0.05333333333333324 0.05111111111111103 0.05166666666666657 0.0649999999999999 0.05166666666666658 0.04999999999999991 0.10222222222222206 0.05222222222222214 0.052222222222222135 0.06277777777777767 0.052222222222222135 0.1516666666666669 0.05166666666666657
0.0625 0.0625 0.06388888888888888 0.0625 0.06319444444444444 0.06388888888888888 0.0625 0.0625 0.0625 0.0625 0.06319444444444444 0.12013888888888889 0.06319444444444444 0.0625 0.0625
0.05679012345679001 0.05617283950617273 0.05925925925925914 0.061728395061728294 0.06481481481481469 0.05740740740740729 0.1746913580246911 0.05617283950617273 0.05555555555555545 0.05987654320987642 0.06049382716049371 0.059876543209876426 0.06049382716049371 0.05740740740740729 0.05925925925925916
0.05987654320987642 0.0574074074074073 0.06234567901234556 0.06975308641975296 0.0722222222222221 0.05987654320987642 0.0716049382716048 0.05925925925925914 0.06975308641975296 0.08271604938271593 0.06481481481481469 0.06049382716049372 0.05925925925925915 0.06049382716049373 0.09012345679012333
0.0494949494949495 0.045454545454545435 0.10101010101010102 0.04999999999999998 0.05151515151515153 0.053535353535353554 0.056060606060606095 0.04949494949494951 0.05050505050505051 0.053535353535353554 0.0494949494949495 0.05000000000000002 0.20909090909090916 0.07323232323232329 0.057575757575757634
0.15265700483091793 0.0705314009661837 0.04830917874396143 0.045893719806763364 0.04830917874396143 0.047826086956521824 0.08743961352657016 0.10966183574879229 0.047826086956521824 0.05362318840579719 0.10289855072463781 0.044444444444444516 0.0473429951690822 0.0473429951690822 0.04589371980676337
0.059649122807017535 0.05847953216374269 0.07602339181286545 0.059649122807017535 0.08070175438596491 0.05906432748538007 0.05847953216374267 0.05614035087719295 0.05847953216374265 0.0567251461988304 0.056725146198830394 0.0590643274853801 0.14269005847953203 0.0584795321637427 0.059649122807017514
0.05555555555555545 0.05987654320987644 0.05864197530864187 0.05925925925925915 0.07222222222222212 0.06913580246913568 0.05864197530864187 0.05740740740740729 0.06049382716049372 0.062345679012345556 0.06543209876543199 0.062345679012345556 0.07777777777777765 0.1166666666666665 0.06419753086419741
0.05555555555555545 0.05617283950617273 0.05555555555555545 0.05617283950617273 0.09814814814814805 0.05679012345679001 0.05802469135802457 0.05679012345679002 0.05617283950617273 0.0716049382716048 0.05679012345679001 0.05740740740740729 0.1506172839506171 0.05679012345679001 0.05740740740740729
0.04305555555555549 0.04444444444444439 0.04259259259259253 0.04305555555555551 0.36342592592592604 0.04305555555555551 0.0486111111111111 0.04259259259259254 0.04212962962962958 0.05555555555555555 0.04212962962962957 0.04351851851851847 0.05925925925925927 0.04212962962962957 0.044444444444444384
0.059477124183006415 0.0594771241830064 0.0594771241830064 0.05882352941176457 0.05882352941176457 0.05882352941176457 0.05882352941176457 0.05882352941176457 0.1725490196078429 0.06013071895424823 0.05882352941176457 0.05882352941176457 0.05882352941176457 0.05882352941176457 0.0594771241830064
0.06274509803921555 0.06535947712418286 0.06928104575163382 0.0614379084967319 0.06274509803921555 0.07450980392156852 0.06470588235294103 0.062091503267973726 0.06601307189542471 0.06274509803921555 0.08888888888888873 0.06862745098039202 0.06274509803921556 0.06339869281045737 0.06470588235294103
0.053333333333333253 0.0538888888888888 0.09388888888888883 0.053333333333333253 0.05444444444444436 0.050555555555555465 0.058333333333333244 0.05055555555555547 0.16333333333333327 0.0577777777777777 0.0538888888888888 0.10222222222222216 0.050555555555555465 0.05222222222222214 0.05166666666666659
0.05151515151515154 0.05 0.05707070707070713 0.05353535353535357 0.054545454545454564 0.12424242424242432 0.0545454545454546 0.05151515151515154 0.05151515151515153 0.057070707070707084 0.05303030303030304 0.16565656565656572 0.0651515151515152 0.05000000000000002 0.06060606060606067
0.06277777777777774 0.05444444444444435 0.06055555555555546 0.05555555555555547 0.059999999999999894 0.09777777777777771 0.053333333333333253 0.0527777777777777 0.17277777777777775 0.05277777777777769 0.05277777777777769 0.053888888888888806 0.05333333333333323 0.06499999999999989 0.052222222222222135
0.06405228758169922 0.06013071895424824 0.06535947712418289 0.06274509803921555 0.0660130718954247 0.1196078431372547 0.06013071895424824 0.0640522875816992 0.06274509803921555 0.06274509803921555 0.06405228758169922 0.06013071895424824 0.0614379084967319 0.06078431372549007 0.06601307189542469
0.05882352941176457 0.060784313725490056 0.05882352941176457 0.0594771241830064 0.06928104575163384 0.06209150326797375 0.06013071895424824 0.05882352941176457 0.060784313725490056 0.06013071895424823 0.09150326797385604 0.05882352941176457 0.10784313725490173 0.07320261437908482 0.0594771241830064
0.05555555555555545 0.05679012345679001 0.05679012345679002 0.05617283950617273 0.19012345679012319 0.05617283950617273 0.05617283950617273 0.05617283950617273 0.05740740740740729 0.07283950617283935 0.058024691358024585 0.05802469135802457 0.05679012345679001 0.05740740740740729 0.05555555555555545
0.04999999999999991 0.05222222222222213 0.06722222222222213 0.07722222222222211 0.2211111111111111 0.05111111111111103 0.050555555555555465 0.04999999999999991 0.05111111111111102 0.07222222222222208 0.053333333333333253 0.05277777777777768 0.05055555555555547 0.050555555555555465 0.04999999999999991
0.05679012345679001 0.05555555555555545 0.05864197530864187 0.058024691358024585 0.14814814814814795 0.05925925925925914 0.05802469135802457 0.05617283950617273 0.093827160493827 0.0709876543209875 0.05802469135802457 0.05617283950617273 0.0574074074074073 0.05679012345679002 0.05617283950617273
0.05679012345679001 0.06049382716049371 0.0574074074074073 0.05679012345679001 0.05740740740740729 0.05679012345679001 0.05617283950617273 0.05555555555555545 0.05555555555555545 0.05617283950617273 0.1969135802469133 0.05740740740740729 0.05617283950617273 0.05617283950617273 0.0641975308641974
0.0625 0.0625 0.0625 0.0625 0.0625 0.0625 0.0625 0.0625 0.0625 0.0625 0.125 0.0625 0.0625 0.0625 0.0625
0.05555555555555555 0.08538011695906436 0.054970760233918115 0.05614035087719296 0.05789473684210523 0.05614035087719298 0.05789473684210526 0.08128654970760235 0.05614035087719298 0.05789473684210525 0.05789473684210523 0.10467836257309941 0.10584795321637427 0.05555555555555555 0.05672514619883042
0.06049382716049371 0.11049382716049361 0.06049382716049372 0.09876543209876527 0.05740740740740729 0.061111111111111005 0.05740740740740729 0.05925925925925915 0.061728395061728294 0.0604938271604937 0.05925925925925915 0.059876543209876426 0.06666666666666655 0.06604938271604927 0.06049382716049372
0.0426666666666667 0.05733333333333336 0.045333333333333364 0.04266666666666669 0.04933333333333337 0.0506666666666667 0.14311111111111105 0.1391111111111111 0.05200000000000004 0.14133333333333314 0.04133333333333337 0.05022222222222226 0.06000000000000003 0.0417777777777778 0.04311111111111114
0.05132275132275125 0.2386243386243383 0.053968253968253894 0.05291005291005284 0.04973544973544967 0.05238095238095231 0.05185185185185179 0.06084656084656077 0.05978835978835972 0.056084656084656 0.05555555555555547 0.05132275132275124 0.050264550264550185 0.06031746031746023 0.05502645502645494
0.05101010101010101 0.1479797979797981 0.04949494949494951 0.053030303030303046 0.05606060606060608 0.051010101010101026 0.09949494949494953 0.05050505050505049 0.051010101010101026 0.10202020202020208 0.07171717171717178 0.05353535353535359 0.05101010101010104 0.06010101010101012 0.052020202020202036
0.05265700483091796 0.067632850241546 0.08985507246376824 0.05410628019323681 0.0468599033816426 0.05700483091787449 0.04589371980676337 0.06859903381642522 0.04589371980676335 0.22850241545893699 0.054589371980676434 0.04879227053140107 0.04589371980676335 0.0478260869565218 0.04589371980676337
0.05333333333333326 0.05888888888888881 0.05611111111111104 0.058888888888888796 0.16222222222222224 0.06222222222222213 0.055555555555555476 0.062222222222222116 0.057222222222222126 0.08277777777777764 0.059444444444444335 0.056666666666666574 0.05777777777777769 0.05777777777777769 0.05888888888888882
0.05617283950617273 0.059876543209876426 0.05679012345679001 0.05679012345679001 0.05555555555555545 0.05679012345679001 0.05617283950617273 0.09567901234567883 0.05617283950617273 0.16975308641975287 0.05679012345679001 0.05617283950617273 0.05617283950617273 0.05555555555555545 0.05555555555555545
0.08695652173913059 0.05024154589371988 0.13043478260869576 0.07536231884057981 0.14685990338164256 0.04541062801932375 0.04541062801932375 0.0806763285024156 0.04396135265700491 0.055555555555555636 0.04444444444444452 0.05652173913043491 0.047342995169082205 0.046376811594202975 0.044444444444444536
0.06458333333333334 0.06666666666666667 0.06527777777777778 0.07361111111111111 0.06458333333333334 0.07152777777777777 0.06458333333333334 0.06319444444444444 0.06527777777777778 0.06527777777777778 0.06805555555555555 0.075 0.06458333333333334 0.06319444444444444 0.06458333333333334
0.05166666666666658 0.05499999999999991 0.05888888888888881 0.1049999999999999 0.053888888888888806 0.05499999999999993 0.05499999999999991 0.057222222222222126 0.05166666666666659 0.05611111111111102 0.05499999999999991 0.16444444444444456 0.06555555555555546 0.05888888888888879 0.056666666666666574
0.05497076023391812 0.06257309941520466 0.06315789473684208 0.07777777777777775 0.0631578947368421 0.0590643274853801 0.059649122807017514 0.05847953216374269 0.05672514619883037 0.06725146198830409 0.06140350877192982 0.0678362573099415 0.11111111111111108 0.07543859649122804 0.061403508771929786
0.05847953216374265 0.10701754385964912 0.05906432748538009 0.0637426900584795 0.05906432748538012 0.06666666666666662 0.05672514619883039 0.05614035087719298 0.058479532163742666 0.05847953216374267 0.1122807017543859 0.06140350877192979 0.061403508771929814 0.0637426900584795 0.05730994152046784
0.05166666666666658 0.06388888888888879 0.05722222222222214 0.23944444444444446 0.05499999999999991 0.0527777777777777 0.0527777777777777 0.05055555555555547 0.053888888888888806 0.05499999999999991 0.050555555555555465 0.053888888888888806 0.055555555555555476 0.05277777777777768 0.054999999999999924
0.05882352941176457 0.0594771241830064 0.05882352941176457 0.11895424836601283 0.05882352941176457 0.11437908496732001 0.05882352941176457 0.05882352941176457 0.05882352941176457 0.05882352941176457 0.059477124183006415 0.0594771241830064 0.05882352941176457 0.05882352941176457 0.05882352941176457
0.062091503267973726 0.07581699346405213 0.06862745098039202 0.07712418300653578 0.06078431372549007 0.0699346405228757 0.06078431372549007 0.061437908496731884 0.0633986928104574 0.06732026143790837 0.06535947712418286 0.0751633986928103 0.06601307189542471 0.06078431372549007 0.06535947712418287
0.05614035087719297 0.0748538011695906 0.060233918128654945 0.06783625730994153 0.060233918128654945 0.061988304093567224 0.05672514619883042 0.0543859649122807 0.05847953216374264 0.0596491228070175 0.11578947368421046 0.054970760233918115 0.09999999999999998 0.05614035087719297 0.06257309941520467
0.06339869281045739 0.06274509803921555 0.06274509803921555 0.06078431372549007 0.06209150326797371 0.06535947712418286 0.06274509803921555 0.06078431372549007 0.06078431372549007 0.06339869281045739 0.06339869281045739 0.0816993464052286 0.0614379084967319 0.062091503267973726 0.10653594771241814
0.11481481481481462 0.05555555555555545 0.05617283950617273 0.05679012345679001 0.05679012345679001 0.05617283950617273 0.05679012345679001 0.05617283950617273 0.05555555555555545 0.14506172839506154 0.0641975308641974 0.05555555555555545 0.05679012345679001 0.05679012345679001 0.05679012345679001
0.0625 0.06319444444444444 0.0625 0.0625 0.06319444444444444 0.0625 0.0625 0.12152777777777778 0.0625 0.06319444444444444 0.0625 0.0625 0.0625 0.06319444444444444 0.06319444444444444
0.05617283950617273 0.06111111111111099 0.06234567901234555 0.05617283950617273 0.0722222222222221 0.0975308641975307 0.0790123456790122 0.0604938271604937 0.0574074074074073 0.06481481481481467 0.05740740740740729 0.05740740740740729 0.09753086419753068 0.0604938271604937 0.059876543209876426
0.0625 0.09027777777777778 0.0625 0.0625 0.06388888888888888 0.0625 0.06319444444444444 0.09513888888888888 0.0625 0.0625 0.0625 0.0625 0.0625 0.0625 0.0625
0.05679012345679002 0.13641975308641957 0.05555555555555545 0.05555555555555545 0.05740740740740729 0.05555555555555545 0.05617283950617273 0.12283950617283933 0.05617283950617273 0.0679012345679011 0.05617283950617273 0.05555555555555545 0.05555555555555545 0.05679012345679001 0.05555555555555545
0.04646464646464645 0.1681818181818182 0.06515151515151515 0.04646464646464645 0.04595959595959594 0.08030303030303028 0.0737373737373738 0.07878787878787884 0.09949494949494955 0.04797979797979798 0.054545454545454584 0.051010101010101026 0.045454545454545435 0.04848484848484848 0.04797979797979798
0.059477124183006415 0.14052287581699324 0.05882352941176457 0.0594771241830064 0.06013071895424824 0.0594771241830064 0.05882352941176457 0.0882352941176469 0.0594771241830064 0.0594771241830064 0.059477124183006415 0.05882352941176457 0.05882352941176457 0.05882352941176457 0.06013071895424823
0.09731800766283537 0.06819923371647506 0.03754789272030646 0.03601532567049804 0.04904214559386967 0.037931034482758565 0.03869731800766279 0.18045977011494255 0.03678160919540226 0.16934865900383153 0.056321839080459686 0.03793103448275859 0.037547892720306474 0.034865900383141725 0.08199233716475103
0.08888888888888874 0.05679012345679002 0.05617283950617273 0.05617283950617273 0.06543209876543199 0.05617283950617273 0.05617283950617273 0.07654320987654308 0.05555555555555545 0.14814814814814795 0.05987654320987642 0.05617283950617273 0.05555555555555545 0.05555555555555545 0.05679012345679001
0.06388888888888888 0.06319444444444444 0.06319444444444444 0.06527777777777778 0.06458333333333334 0.06597222222222222 0.06319444444444444 0.06458333333333334 0.0625 0.06458333333333334 0.07222222222222222 0.06458333333333334 0.06319444444444444 0.06319444444444444 0.09583333333333334
0.0640522875816992 0.06274509803921556 0.062091503267973726 0.06078431372549007 0.06078431372549007 0.06535947712418287 0.062091503267973726 0.06078431372549007 0.06339869281045737 0.06274509803921555 0.06666666666666654 0.06274509803921555 0.059477124183006415 0.06993464052287567 0.11633986928104556
0.06013071895424824 0.06078431372549007 0.0614379084967319 0.0614379084967319 0.05882352941176457 0.06209150326797373 0.06078431372549007 0.13660130718954225 0.06078431372549007 0.06013071895424824 0.07450980392156847 0.0614379084967319 0.06078431372549007 0.06013071895424824 0.06013071895424824
0.0614379084967319 0.06274509803921556 0.06274509803921556 0.06274509803921555 0.062091503267973726 0.06274509803921556 0.06078431372549007 0.06339869281045739 0.1202614379084965 0.06732026143790835 0.06274509803921555 0.0640522875816992 0.060784313725490056 0.06535947712418286 0.06078431372549007
0.048677248677248604 0.04973544973544967 0.04814814814814808 0.23227513227513186 0.05079365079365073 0.04814814814814808 0.04814814814814808 0.04973544973544966 0.09470899470899458 0.08783068783068772 0.04920634920634913 0.04814814814814808 0.04867724867724861 0.04761904761904755 0.04814814814814808
0.05555555555555545 0.05864197530864187 0.059876543209876426 0.16358024691357997 0.06234567901234556 0.06049382716049371 0.062345679012345556 0.05802469135802457 0.05802469135802457 0.05864197530864187 0.061728395061728274 0.059876543209876426 0.05925925925925915 0.05864197530864187 0.06296296296296285
0.0625 0.0625 0.06319444444444444 0.11805555555555555 0.0625 0.0625 0.0625 0.0625 0.06388888888888888 0.06388888888888888 0.06319444444444444 0.0625 0.0625 0.06319444444444444 0.06458333333333334
0.05555555555555545 0.05555555555555545 0.05864197530864187 0.1648148148148146 0.05555555555555545 0.05617283950617273 0.05617283950617273 0.05555555555555545 0.1074074074074072 0.05617283950617273 0.05617283950617273 0.05555555555555545 0.05555555555555545 0.05555555555555545 0.05555555555555545
0.06527777777777778 0.06736111111111111 0.07013888888888889 0.06458333333333334 0.06736111111111111 0.06388888888888888 0.06736111111111111 0.06388888888888888 0.06944444444444445 0.06388888888888888 0.06458333333333334 0.06458333333333334 0.06597222222222222 0.07222222222222222 0.06944444444444445
0.060818713450292376 0.06023391812865497 0.12573099415204664 0.06315789473684208 0.05555555555555554 0.06666666666666664 0.055555555555555546 0.0637426900584795 0.06140350877192979 0.061403508771929814 0.06549707602339176 0.07192982456140355 0.058479532163742694 0.0614035087719298 0.06842105263157888
0.055555555555555546 0.07777777777777779 0.10058479532163743 0.0666666666666666 0.05321637426900585 0.0590643274853801 0.05614035087719297 0.0830409356725146 0.06140350877192979 0.06198830409356724 0.08771929824561406 0.07134502923976614 0.05380116959064327 0.055555555555555546 0.05614035087719298
0.05617283950617273 0.08456790123456777 0.1018518518518517 0.05864197530864187 0.05617283950617273 0.05617283950617273 0.05679012345679001 0.08827160493827145 0.05679012345679002 0.05679012345679002 0.05802469135802457 0.06296296296296283 0.05617283950617273 0.058024691358024585 0.09259259259259242
0.06111111111111099 0.06604938271604928 0.06913580246913568 0.09382716049382704 0.058641975308641854 0.0759259259259258 0.05987654320987645 0.058024691358024585 0.06728395061728384 0.06234567901234556 0.06975308641975296 0.06728395061728383 0.061111111111111005 0.06172839506172829 0.0679012345679011
0.06956521739130445 0.06570048309178753 0.052173913043478334 0.053623188405797204 0.04589371980676337 0.046859903381642594 0.05700483091787449 0.2396135265700482 0.07101449275362329 0.04830917874396143 0.05990338164251219 0.04637681159420297 0.04830917874396143 0.047826086956521824 0.047826086956521824
0.050555555555555465 0.07944444444444435 0.05777777777777767 0.05444444444444436 0.05499999999999991 0.05999999999999991 0.05944444444444435 0.13777777777777775 0.053888888888888806 0.06111111111111102 0.1022222222222222 0.06555555555555546 0.05333333333333324 0.05499999999999991 0.05444444444444436
0.0625 0.0625 0.0625 0.0625 0.0625 0.06388888888888888 0.0625 0.0625 0.12361111111111112 0.0625 0.0625 0.0625 0.0625 0.0625 0.0625
0.060784313725490056 0.062091503267973726 0.059477124183006415 0.061437908496731884 0.06013071895424823 0.06013071895424823 0.0594771241830064 0.061437908496731905 0.061437908496731905 0.062091503267973726 0.09869281045751614 0.0614379084967319 0.06013071895424824 0.08692810457516324 0.0843137254901959
0.05882352941176457 0.05882352941176457 0.05882352941176457 0.05882352941176457 0.05882352941176457 0.05882352941176457 0.05882352941176457 0.05882352941176457 0.05882352941176457 0.06666666666666651 0.16732026143790826 0.05882352941176457 0.059477124183006415 0.059477124183006415 0.05882352941176457
0.0625 0.06319444444444444 0.06388888888888888 0.06458333333333334 0.0625 0.08402777777777778 0.0625 0.06319444444444444 0.0625 0.06388888888888888 0.0625 0.09375 0.06319444444444444 0.0625 0.06527777777777778
0.0614379084967319 0.060784313725490056 0.06013071895424823 0.1287581699346403 0.05882352941176457 0.06274509803921556 0.06405228758169922 0.0640522875816992 0.062091503267973726 0.06339869281045739 0.06535947712418287 0.06274509803921556 0.06078431372549007 0.06339869281045737 0.0614379084967319
0.06388888888888888 0.06319444444444444 0.06388888888888888 0.06458333333333334 0.06319444444444444 0.06458333333333334 0.0625 0.0625 0.0625 0.06944444444444445 0.09722222222222222 0.06875 0.06319444444444444 0.06458333333333334 0.06597222222222222
0.05555555555555545 0.05679012345679001 0.05555555555555545 0.05617283950617273 0.058024691358024585 0.058024691358024585 0.06296296296296286 0.05617283950617273 0.05555555555555545 0.05617283950617273 0.05555555555555545 0.05740740740740729 0.19814814814814785 0.05925925925925915 0.058641975308641875
0.13157894736842088 0.05321637426900585 0.05438596491228068 0.052631578947368425 0.05380116959064329 0.05614035087719298 0.056725146198830394 0.06725146198830403 0.061988304093567266 0.1333333333333332 0.05614035087719298 0.05555555555555555 0.05438596491228069 0.05438596491228069 0.05847953216374269
0.05111111111111103 0.052222222222222135 0.058888888888888775 0.05611111111111102 0.058888888888888775 0.09277777777777765 0.05166666666666658 0.04999999999999991 0.06722222222222211 0.05555555555555545 0.11611111111111116 0.08666666666666654 0.05166666666666658 0.09888888888888882 0.052222222222222135
0.058024691358024585 0.0691358024691357 0.05555555555555545 0.05617283950617273 0.058641975308641854 0.058641975308641854 0.05679012345679001 0.17716049382716023 0.05617283950617273 0.05617283950617273 0.07037037037037024 0.05617283950617273 0.05617283950617273 0.05802469135802457 0.05679012345679002
0.052631578947368425 0.07543859649122805 0.05321637426900584 0.052631578947368425 0.052631578947368425 0.052631578947368425 0.05321637426900585 0.08245614035087723 0.10233918128654973 0.05321637426900585 0.15730994152046748 0.052631578947368425 0.05321637426900584 0.05321637426900585 0.05321637426900584
0.0567251461988304 0.05906432748538012 0.0678362573099415 0.07251461988304093 0.060233918128654945 0.061403508771929814 0.060233918128654924 0.05789473684210525 0.1122807017543859 0.06315789473684208 0.0719298245614035 0.07602339181286542 0.060818713450292376 0.05789473684210526 0.06198830409356721
0.0625 0.06597222222222222 0.06458333333333334 0.07291666666666667 0.06319444444444444 0.0625 0.06875 0.06319444444444444 0.06597222222222222 0.06458333333333334 0.07291666666666667 0.07569444444444444 0.06458333333333334 0.06527777777777778 0.06736111111111111
0.05555555555555545 0.05555555555555545 0.05555555555555545 0.1648148148148146 0.05617283950617273 0.05617283950617273 0.05555555555555545 0.05617283950617273 0.05555555555555545 0.05617283950617273 0.05555555555555545 0.10987654320987633 0.05555555555555545 0.05617283950617273 0.05555555555555545
0.061437908496731884 0.0594771241830064 0.059477124183006415 0.118300653594771 0.0594771241830064 0.06274509803921555 0.05882352941176457 0.0614379084967319 0.06078431372549007 0.06013071895424823 0.05882352941176457 0.061437908496731884 0.0594771241830064 0.059477124183006415 0.09869281045751614
0.06319444444444444 0.06388888888888888 0.06388888888888888 0.06388888888888888 0.06319444444444444 0.11736111111111111 0.0625 0.0625 0.06319444444444444 0.0625 0.0625 0.06388888888888888 0.0625 0.0625 0.0625
0.05617283950617273 0.05679012345679001 0.05617283950617273 0.05679012345679001 0.05617283950617273 0.06296296296296283 0.05679012345679002 0.05555555555555545 0.10925925925925904 0.05740740740740729 0.05617283950617273 0.10185185185185167 0.10432098765432077 0.05679012345679001 0.05679012345679001
0.052631578947368425 0.052631578947368425 0.053801169590643266 0.05321637426900585 0.05321637426900585 0.05438596491228071 0.052631578947368425 0.05321637426900585 0.053801169590643266 0.052631578947368425 0.053801169590643266 0.14970760233918098 0.05321637426900585 0.15789473684210492 0.05321637426900585
0.06319444444444444 0.06458333333333334 0.06388888888888888 0.06319444444444444 0.0625 0.06319444444444444 0.0625 0.07152777777777777 0.0625 0.06319444444444444 0.0625 0.0625 0.06319444444444444 0.0625 0.10902777777777778
0.06458333333333334 0.07361111111111111 0.06527777777777778 0.06597222222222222 0.06319444444444444 0.06388888888888888 0.06388888888888888 0.06388888888888888 0.06458333333333334 0.06805555555555555 0.07152777777777777 0.06319444444444444 0.06527777777777778 0.07569444444444444 0.06736111111111111
0.0625 0.0625 0.0625 0.0625 0.06319444444444444 0.06527777777777778 0.0625 0.0625 0.06388888888888888 0.06319444444444444 0.0625 0.0625 0.11527777777777778 0.06597222222222222 0.06319444444444444
0.05380116959064327 0.05555555555555554 0.05614035087719298 0.0543859649122807 0.157894736842105 0.05380116959064327 0.05380116959064327 0.056725146198830415 0.05321637426900584 0.09532163742690061 0.05497076023391812 0.053801169590643266 0.05380116959064327 0.053801169590643266 0.09298245614035092
0.05438596491228071 0.05614035087719298 0.06432748538011691 0.05497076023391812 0.1146198830409356 0.06023391812865497 0.055555555555555546 0.05438596491228069 0.053801169590643294 0.09824561403508773 0.05614035087719297 0.07836257309941515 0.0549707602339181 0.053801169590643266 0.0900584795321638
0.043621399176954775 0.0888888888888889 0.07901234567901243 0.03991769547325108 0.04526748971193421 0.11481481481481474 0.04938271604938275 0.03950617283950621 0.04691358024691364 0.21728395061728392 0.065843621399177 0.04526748971193417 0.03991769547325107 0.039506172839506214 0.044855967078189354
0.05444444444444437 0.11333333333333324 0.05611111111111103 0.05499999999999991 0.10111111111111099 0.07833333333333323 0.05333333333333324 0.10666666666666655 0.052222222222222135 0.06055555555555546 0.0538888888888888 0.05333333333333324 0.05277777777777769 0.053333333333333253 0.055555555555555476
0.060784313725490056 0.05882352941176457 0.10718954248365993 0.059477124183006415 0.05882352941176457 0.05882352941176457 0.062091503267973726 0.05882352941176457 0.05882352941176457 0.0594771241830064 0.0594771241830064 0.12026143790849646 0.05882352941176457 0.05882352941176457 0.059477124183006415
0.1423280423280422 0.048677248677248604 0.09523809523809514 0.050264550264550185 0.05132275132275124 0.13068783068783055 0.05396825396825389 0.050264550264550185 0.05079365079365071 0.0592592592592592 0.051322751322751256 0.06084656084656077 0.052910052910052824 0.05026455026455017 0.051851851851851774
0.05055555555555547 0.054999999999999924 0.055555555555555476 0.0538888888888888 0.0688888888888888 0.10222222222222209 0.1755555555555554 0.055555555555555455 0.05055555555555547 0.061666666666666564 0.05611111111111102 0.05611111111111102 0.05333333333333324 0.053333333333333253 0.05166666666666658
0.05740740740740729 0.06296296296296283 0.061111111111111005 0.06111111111111099 0.06296296296296283 0.12901234567901215 0.06296296296296285 0.059876543209876426 0.06419753086419741 0.07037037037037025 0.061728395061728274 0.0648148148148147 0.05679012345679001 0.06049382716049373 0.06419753086419741
0.05321637426900584 0.05380116959064329 0.0543859649122807 0.052631578947368425 0.055555555555555566 0.052631578947368425 0.19590643274853808 0.052631578947368425 0.054970760233918115 0.052631578947368425 0.05380116959064329 0.05380116959064327 0.10467836257309943 0.05555555555555555 0.05380116959064327
0.0527777777777777 0.05333333333333324 0.054999999999999924 0.05111111111111102 0.06944444444444435 0.06333333333333324 0.05277777777777769 0.052222222222222135 0.133888888888889 0.05666666666666658 0.05333333333333324 0.06722222222222213 0.09888888888888875 0.052222222222222135 0.0877777777777777
0.06013071895424824 0.061437908496731905 0.06339869281045739 0.06470588235294103 0.062091503267973726 0.06535947712418289 0.06078431372549007 0.060784313725490056 0.06862745098039202 0.062091503267973726 0.06470588235294103 0.06470588235294106 0.11764705882352917 0.06078431372549007 0.06274509803921555
0.06319444444444444 0.06319444444444444 0.06597222222222222 0.06319444444444444 0.0625 0.06666666666666667 0.06388888888888888 0.06388888888888888 0.07361111111111111 0.06666666666666667 0.06388888888888888 0.06666666666666667 0.06666666666666667 0.06319444444444444 0.08680555555555555
0.0625 0.06527777777777778 0.06527777777777778 0.0625 0.06388888888888888 0.06736111111111111 0.06458333333333334 0.0625 0.07222222222222222 0.06597222222222222 0.06388888888888888 0.06527777777777778 0.06666666666666667 0.06458333333333334 0.0875
0.06388888888888888 0.0625 0.06458333333333334 0.06388888888888888 0.06388888888888888 0.06597222222222222 0.06666666666666667 0.06388888888888888 0.06875 0.06597222222222222 0.06458333333333334 0.06597222222222222 0.07013888888888889 0.06388888888888888 0.08541666666666667
0.05882352941176457 0.0594771241830064 0.062091503267973726 0.059477124183006415 0.07843137254901947 0.06013071895424824 0.0594771241830064 0.059477124183006415 0.14771241830065338 0.059477124183006415 0.05882352941176457 0.05882352941176457 0.059477124183006415 0.059477124183006415 0.05882352941176457
0.0640522875816992 0.061437908496731905 0.0660130718954247 0.06078431372549007 0.06470588235294104 0.06013071895424824 0.062091503267973726 0.0699346405228757 0.06339869281045739 0.06209150326797373 0.11699346405228732 0.06339869281045737 0.06078431372549007 0.06274509803921555 0.0614379084967319
0.06319444444444444 0.0625 0.0625 0.0625 0.0625 0.0625 0.0625 0.0625 0.12361111111111112 0.0625 0.0625 0.0625 0.0625 0.0625 0.06319444444444444
0.0625 0.0625 0.0625 0.06319444444444444 0.0625 0.06319444444444444 0.0625 0.0625 0.12291666666666666 0.0625 0.0625 0.0625 0.06319444444444444 0.0625 0.0625
0.0625 0.06319444444444444 0.0625 0.06388888888888888 0.06458333333333334 0.06319444444444444 0.06319444444444444 0.06319444444444444 0.06388888888888888 0.06319444444444444 0.06527777777777778 0.11180555555555556 0.0625 0.06319444444444444 0.06388888888888888
0.05679012345679001 0.05555555555555545 0.06049382716049372 0.05802469135802457 0.05740740740740729 0.07222222222222209 0.11296296296296274 0.05555555555555545 0.11481481481481465 0.05740740740740729 0.05802469135802457 0.06111111111111101 0.05555555555555545 0.05555555555555545 0.06851851851851838
0.0527777777777777 0.053888888888888806 0.05444444444444436 0.05166666666666658 0.05277777777777769 0.06444444444444436 0.050555555555555465 0.05166666666666658 0.2199999999999998 0.05444444444444437 0.05166666666666658 0.05222222222222214 0.050555555555555465 0.058888888888888796 0.07999999999999988
0.05893719806763292 0.05072463768115951 0.05700483091787447 0.04685990338164258 0.1231884057971015 0.04879227053140105 0.04927536231884066 0.04975845410628026 0.09565217391304347 0.053140096618357564 0.04927536231884065 0.13140096618357494 0.05942028985507255 0.054589371980676434 0.07198067632850254
0.05555555555555554 0.056725146198830415 0.056725146198830366 0.06023391812865496 0.05438596491228071 0.05964912280701754 0.05847953216374267 0.05497076023391813 0.10058479532163739 0.05964912280701752 0.05906432748538012 0.11052631578947365 0.059649122807017535 0.05789473684210525 0.09590643274853791
0.05055555555555547 0.05055555555555547 0.08944444444444431 0.05166666666666658 0.05111111111111103 0.12055555555555553 0.05499999999999991 0.05277777777777768 0.050555555555555465 0.055555555555555476 0.05277777777777769 0.16444444444444442 0.05166666666666658 0.05166666666666658 0.05166666666666659
0.05380116959064327 0.05438596491228069 0.05497076023391812 0.05614035087719299 0.057309941520467825 0.05789473684210523 0.16783625730994137 0.05614035087719299 0.05380116959064327 0.056725146198830394 0.054970760233918115 0.05789473684210525 0.1064327485380117 0.05789473684210527 0.053801169590643266
0.03407407407407406 0.03407407407407407 0.03814814814814815 0.03592592592592592 0.03629629629629629 0.034444444444444444 0.4648148148148145 0.034814814814814805 0.04074074074074072 0.03444444444444444 0.03481481481481479 0.035185185185185174 0.0718518518518518 0.035555555555555535 0.034814814814814805
0.04973544973544966 0.051322751322751256 0.061904761904761824 0.05132275132275125 0.04867724867724861 0.04867724867724861 0.13597883597883578 0.04973544973544967 0.08888888888888884 0.05185185185185177 0.052380952380952306 0.050793650793650724 0.15026455026455016 0.05132275132275125 0.057142857142857065
0.04572649572649569 0.04487179487179482 0.04786324786324783 0.046153846153846115 0.04444444444444441 0.04871794871794866 0.09059829059829053 0.048290598290598244 0.18974358974358954 0.046581196581196554 0.04743589743589741 0.04358974358974356 0.12777777777777755 0.04401709401709398 0.08418803418803407
0.05396825396825389 0.04867724867724861 0.053439153439153377 0.04761904761904755 0.04867724867724859 0.04920634920634913 0.1814814814814812 0.048677248677248604 0.058201058201058115 0.05238095238095231 0.04973544973544967 0.08306878306878294 0.10052910052910041 0.07566137566137555 0.048677248677248604
0.04949494949494948 0.04848484848484848 0.05808080808080812 0.0494949494949495 0.048989898989899 0.05000000000000001 0.09595959595959601 0.04797979797979798 0.0858585858585859 0.05101010101010102 0.05151515151515154 0.052525252525252565 0.1500000000000001 0.05151515151515154 0.1090909090909092
0.04898989898989899 0.0494949494949495 0.05050505050505051 0.05101010101010104 0.07020202020202038 0.22626262626262625 0.04696969696969696 0.047474747474747475 0.052020202020202036 0.048989898989899 0.05050505050505051 0.05202020202020205 0.10000000000000006 0.05202020202020205 0.05353535353535357
0.051851851851851774 0.051851851851851774 0.05343915343915335 0.05079365079365073 0.06507936507936495 0.15714285714285697 0.09365079365079355 0.05238095238095232 0.05555555555555547 0.05502645502645496 0.05449735449735443 0.05185185185185177 0.09999999999999987 0.05238095238095231 0.05449735449735443
0.06013071895424824 0.0640522875816992 0.06797385620915018 0.061437908496731884 0.062091503267973726 0.07320261437908482 0.0614379084967319 0.0594771241830064 0.06535947712418287 0.06013071895424824 0.06470588235294104 0.1156862745098037 0.06013071895424824 0.06013071895424824 0.06405228758169922
0.09236111111111112 0.0625 0.06319444444444444 0.0625 0.0625 0.06319444444444444 0.0625 0.0875 0.0625 0.0625 0.06875 0.0625 0.0625 0.0625 0.0625
0.22125603864734295 0.05603864734299526 0.04830917874396144 0.11352657004830922 0.04637681159420297 0.04975845410628028 0.04975845410628028 0.04492753623188414 0.0473429951690822 0.06714975845410633 0.06231884057971028 0.04589371980676335 0.04685990338164258 0.04637681159420299 0.05410628019323681
0.06975308641975295 0.05740740740740729 0.05802469135802457 0.06975308641975293 0.058641975308641854 0.06234567901234556 0.05802469135802457 0.05555555555555545 0.05740740740740729 0.12345679012345667 0.06481481481481469 0.06049382716049371 0.07283950617283937 0.06790123456790112 0.06358024691358014
0.08209876543209865 0.05802469135802457 0.059876543209876426 0.06543209876543196 0.058641975308641854 0.061728395061728274 0.0574074074074073 0.05925925925925915 0.0604938271604937 0.10493827160493817 0.08641975308641958 0.06049382716049372 0.05864197530864187 0.06296296296296286 0.06358024691358012
0.06481481481481469 0.06296296296296283 0.07283950617283938 0.12530864197530844 0.058641975308641854 0.06419753086419742 0.06111111111111099 0.05925925925925915 0.06358024691358014 0.06296296296296285 0.059876543209876426 0.06358024691358014 0.06172839506172829 0.0574074074074073 0.06172839506172827
0.1196078431372547 0.06078431372549007 0.05882352941176457 0.060784313725490056 0.0614379084967319 0.06078431372549007 0.06078431372549007 0.06013071895424823 0.062091503267973726 0.06013071895424823 0.06013071895424824 0.06078431372549007 0.07843137254901944 0.07581699346405214 0.059477124183006415
0.08300653594771228 0.06013071895424824 0.06013071895424824 0.07124183006535932 0.06078431372549007 0.06274509803921555 0.0614379084967319 0.0614379084967319 0.06013071895424823 0.09934640522875804 0.07254901960784298 0.06209150326797373 0.060784313725490056 0.061437908496731884 0.06274509803921556
0.11851851851851831 0.059876543209876426 0.06728395061728383 0.06358024691358012 0.05925925925925915 0.07283950617283938 0.05925925925925916 0.05925925925925915 0.06296296296296283 0.06049382716049371 0.061111111111110984 0.06666666666666655 0.06296296296296283 0.06543209876543199 0.0604938271604937
0.06274509803921556 0.08366013071895409 0.06013071895424824 0.06078431372549007 0.06405228758169923 0.0614379084967319 0.0614379084967319 0.10196078431372532 0.06666666666666654 0.06013071895424823 0.0699346405228757 0.0594771241830064 0.062091503267973726 0.06339869281045739 0.062091503267973726
0.05679012345679002 0.06543209876543199 0.06975308641975296 0.061111111111111005 0.06049382716049372 0.06419753086419742 0.0641975308641974 0.05864197530864187 0.06728395061728383 0.06604938271604925 0.05987654320987644 0.06728395061728384 0.10617283950617264 0.06296296296296285 0.06975308641975295
0.060784313725490056 0.07320261437908483 0.06470588235294104 0.06339869281045739 0.06339869281045739 0.0882352941176469 0.06797385620915017 0.06339869281045737 0.06535947712418287 0.06928104575163387 0.06732026143790837 0.06535947712418286 0.06209150326797373 0.06209150326797373 0.06339869281045739
0.05617283950617273 0.08333333333333319 0.05617283950617273 0.05555555555555545 0.058024691358024585 0.05679012345679002 0.05679012345679001 0.08333333333333319 0.05679012345679001 0.11172839506172821 0.1006172839506171 0.05555555555555545 0.05617283950617273 0.05617283950617273 0.05679012345679001
0.05166666666666657 0.09999999999999987 0.05333333333333324 0.05277777777777768 0.054999999999999924 0.10388888888888885 0.05111111111111103 0.05277777777777769 0.05166666666666657 0.05555555555555547 0.05166666666666658 0.06111111111111101 0.1466666666666668 0.05611111111111102 0.05666666666666658
0.06597222222222222 0.06944444444444445 0.07291666666666667 0.07430555555555556 0.06319444444444444 0.06666666666666667 0.06527777777777778 0.06527777777777778 0.06319444444444444 0.06597222222222222 0.06736111111111111 0.06805555555555555 0.06388888888888888 0.06388888888888888 0.06458333333333334
0.05789473684210526 0.05906432748538012 0.05906432748538009 0.09941520467836254 0.06725146198830408 0.060233918128654945 0.05789473684210527 0.05672514619883039 0.059064327485380076 0.10584795321637422 0.05964912280701755 0.08070175438596491 0.0590643274853801 0.061403508771929835 0.056725146198830394
0.05617283950617273 0.05617283950617273 0.05617283950617273 0.05740740740740729 0.05925925925925915 0.05617283950617273 0.05679012345679001 0.05864197530864187 0.0604938271604937 0.05925925925925915 0.0604938271604937 0.05679012345679001 0.05679012345679001 0.09814814814814801 0.15123456790123435
0.0594771241830064 0.0594771241830064 0.06274509803921556 0.06339869281045739 0.060784313725490056 0.06274509803921556 0.061437908496731884 0.05882352941176457 0.061437908496731884 0.06013071895424824 0.06732026143790835 0.06078431372549007 0.06013071895424824 0.11568627450980375 0.08562091503267963
