0.05263157894736842 0.05263157894736842 0.05263157894736842 0.10526315789473684 0.05263157894736842 0.07894736842105263 0.05263157894736842 0.07894736842105263 0.05263157894736842 0.05263157894736842 0.10526315789473684 0.05263157894736842 0.05263157894736842 0.05263157894736842 0.10526315789473684
0.047619047619047616 0.07142857142857142 0.047619047619047616 0.047619047619047616 0.09523809523809523 0.07142857142857142 0.09523809523809523 0.047619047619047616 0.11904761904761904 0.047619047619047616 0.07142857142857142 0.07142857142857142 0.047619047619047616 0.07142857142857142 0.047619047619047616
0.08823529411764705 0.08823529411764705 0.058823529411764705 0.08823529411764705 0.058823529411764705 0.058823529411764705 0.058823529411764705 0.058823529411764705 0.08823529411764705 0.058823529411764705 0.058823529411764705 0.058823529411764705 0.058823529411764705 0.058823529411764705 0.058823529411764705
0.1 0.04 0.1 0.04 0.06 0.08 0.04 0.04 0.12000000000000001 0.08 0.12 0.04 0.04 0.06 0.04
0.0625 0.0625 0.0625 0.0625 0.0625 0.09375 0.0625 0.0625 0.09375 0.0625 0.0625 0.0625 0.0625 0.0625 0.0625
0.05 0.05 0.07500000000000001 0.05 0.07500000000000001 0.05 0.05 0.05 0.1 0.05 0.07500000000000001 0.07500000000000001 0.05 0.125 0.07500000000000001
0.09375 0.0625 0.0625 0.0625 0.0625 0.0625 0.0625 0.0625 0.0625 0.0625 0.09375 0.0625 0.0625 0.0625 0.0625
0.05555555555555555 0.05555555555555555 0.05555555555555555 0.05555555555555555 0.08333333333333333 0.05555555555555555 0.05555555555555555 0.08333333333333333 0.08333333333333333 0.05555555555555555 0.1111111111111111 0.05555555555555555 0.05555555555555555 0.05555555555555555 0.08333333333333333
0.05555555555555555 0.05555555555555555 0.05555555555555555 0.08333333333333333 0.08333333333333333 0.08333333333333333 0.05555555555555555 0.05555555555555555 0.05555555555555555 0.05555555555555555 0.05555555555555555 0.05555555555555555 0.05555555555555555 0.08333333333333333 0.1111111111111111
0.045454545454545456 0.045454545454545456 0.045454545454545456 0.09090909090909091 0.11363636363636365 0.06818181818181818 0.06818181818181818 0.045454545454545456 0.045454545454545456 0.06818181818181818 0.06818181818181818 0.045454545454545456 0.13636363636363635 0.06818181818181818 0.045454545454545456
0.06521739130434782 0.10869565217391304 0.13043478260869565 0.043478260869565216 0.043478260869565216 0.043478260869565216 0.043478260869565216 0.06521739130434782 0.06521739130434782 0.043478260869565216 0.15217391304347827 0.043478260869565216 0.043478260869565216 0.043478260869565216 0.06521739130434782
0.05263157894736842 0.05263157894736842 0.07894736842105263 0.07894736842105263 0.05263157894736842 0.10526315789473684 0.07894736842105263 0.05263157894736842 0.05263157894736842 0.05263157894736842 0.05263157894736842 0.05263157894736842 0.10526315789473684 0.05263157894736842 0.07894736842105263
0.05555555555555555 0.1111111111111111 0.08333333333333333 0.05555555555555555 0.05555555555555555 0.05555555555555555 0.05555555555555555 0.08333333333333333 0.05555555555555555 0.05555555555555555 0.05555555555555555 0.05555555555555555 0.05555555555555555 0.08333333333333333 0.08333333333333333
0.05555555555555555 0.05555555555555555 0.1388888888888889 0.05555555555555555 0.05555555555555555 0.05555555555555555 0.05555555555555555 0.05555555555555555 0.05555555555555555 0.05555555555555555 0.05555555555555555 0.05555555555555555 0.1111111111111111 0.05555555555555555 0.08333333333333333
0.125 0.08333333333333333 0.041666666666666664 0.0625 0.0625 0.0625 0.08333333333333333 0.0625 0.0625 0.125 0.041666666666666664 0.041666666666666664 0.0625 0.041666666666666664 0.041666666666666664
0.058823529411764705 0.058823529411764705 0.058823529411764705 0.058823529411764705 0.058823529411764705 0.058823529411764705 0.058823529411764705 0.058823529411764705 0.11764705882352941 0.058823529411764705 0.08823529411764705 0.058823529411764705 0.08823529411764705 0.058823529411764705 0.058823529411764705
0.058823529411764705 0.058823529411764705 0.058823529411764705 0.058823529411764705 0.08823529411764705 0.058823529411764705 0.058823529411764705 0.058823529411764705 0.058823529411764705 0.058823529411764705 0.058823529411764705 0.08823529411764705 0.11764705882352941 0.058823529411764705 0.058823529411764705
0.05 0.05 0.05 0.07500000000000001 0.125 0.07500000000000001 0.05 0.05 0.07500000000000001 0.05 0.05 0.07500000000000001 0.05 0.1 0.07500000000000001
0.09090909090909091 0.045454545454545456 0.1590909090909091 0.06818181818181818 0.06818181818181818 0.045454545454545456 0.045454545454545456 0.045454545454545456 0.045454545454545456 0.06818181818181818 0.09090909090909091 0.06818181818181818 0.045454545454545456 0.06818181818181818 0.045454545454545456
0.05 0.05 0.05 0.05 0.07500000000000001 0.1 0.07500000000000001 0.05 0.07500000000000001 0.05 0.05 0.1 0.05 0.07500000000000001 0.1
0.058823529411764705 0.058823529411764705 0.058823529411764705 0.058823529411764705 0.058823529411764705 0.058823529411764705 0.058823529411764705 0.058823529411764705 0.058823529411764705 0.058823529411764705 0.08823529411764705 0.08823529411764705 0.058823529411764705 0.08823529411764705 0.08823529411764705
0.058823529411764705 0.058823529411764705 0.08823529411764705 0.058823529411764705 0.058823529411764705 0.058823529411764705 0.058823529411764705 0.058823529411764705 0.058823529411764705 0.08823529411764705 0.08823529411764705 0.058823529411764705 0.058823529411764705 0.058823529411764705 0.08823529411764705
0.05555555555555555 0.1111111111111111 0.05555555555555555 0.05555555555555555 0.08333333333333333 0.05555555555555555 0.1111111111111111 0.05555555555555555 0.05555555555555555 0.08333333333333333 0.05555555555555555 0.05555555555555555 0.05555555555555555 0.05555555555555555 0.05555555555555555
0.07500000000000001 0.05 0.05 0.05 0.05 0.05 0.1 0.07500000000000001 0.05 0.07500000000000001 0.1 0.07500000000000001 0.05 0.1 0.05
0.05555555555555555 0.08333333333333333 0.05555555555555555 0.08333333333333333 0.05555555555555555 0.05555555555555555 0.05555555555555555 0.05555555555555555 0.08333333333333333 0.1111111111111111 0.05555555555555555 0.05555555555555555 0.08333333333333333 0.05555555555555555 0.05555555555555555
0.05555555555555555 0.05555555555555555 0.05555555555555555 0.05555555555555555 0.05555555555555555 0.05555555555555555 0.05555555555555555 0.05555555555555555 0.1111111111111111 0.05555555555555555 0.1388888888888889 0.05555555555555555 0.05555555555555555 0.05555555555555555 0.08333333333333333
0.0625 0.0625 0.0625 0.0625 0.0625 0.09375 0.0625 0.09375 0.0625 0.0625 0.0625 0.0625 0.0625 0.0625 0.0625
0.07894736842105263 0.05263157894736842 0.05263157894736842 0.05263157894736842 0.05263157894736842 0.05263157894736842 0.10526315789473684 0.07894736842105263 0.10526315789473684 0.05263157894736842 0.05263157894736842 0.05263157894736842 0.07894736842105263 0.07894736842105263 0.05263157894736842
0.08333333333333333 0.05555555555555555 0.05555555555555555 0.08333333333333333 0.05555555555555555 0.05555555555555555 0.05555555555555555 0.08333333333333333 0.05555555555555555 0.05555555555555555 0.05555555555555555 0.05555555555555555 0.05555555555555555 0.1388888888888889 0.05555555555555555
0.04 0.1 0.06 0.04 0.04 0.1 0.08 0.1 0.14 0.06 0.04 0.04 0.04 0.04 0.08
0.047619047619047616 0.07142857142857142 0.047619047619047616 0.19047619047619047 0.047619047619047616 0.047619047619047616 0.047619047619047616 0.07142857142857142 0.047619047619047616 0.047619047619047616 0.09523809523809523 0.09523809523809523 0.047619047619047616 0.047619047619047616 0.047619047619047616
0.09090909090909091 0.045454545454545456 0.06818181818181818 0.09090909090909091 0.09090909090909091 0.045454545454545456 0.045454545454545456 0.045454545454545456 0.11363636363636365 0.09090909090909091 0.045454545454545456 0.045454545454545456 0.06818181818181818 0.045454545454545456 0.06818181818181818
0.043478260869565216 0.08695652173913043 0.043478260869565216 0.043478260869565216 0.08695652173913043 0.13043478260869565 0.043478260869565216 0.043478260869565216 0.10869565217391304 0.08695652173913043 0.06521739130434782 0.043478260869565216 0.08695652173913043 0.043478260869565216 0.043478260869565216
0.05 0.05 0.05 0.1 0.05 0.07500000000000001 0.05 0.07500000000000001 0.1 0.07500000000000001 0.07500000000000001 0.05 0.1 0.05 0.05
0.1111111111111111 0.08333333333333333 0.05555555555555555 0.05555555555555555 0.05555555555555555 0.05555555555555555 0.05555555555555555 0.05555555555555555 0.1111111111111111 0.05555555555555555 0.05555555555555555 0.05555555555555555 0.05555555555555555 0.05555555555555555 0.08333333333333333
0.043478260869565216 0.08695652173913043 0.06521739130434782 0.043478260869565216 0.13043478260869565 0.06521739130434782 0.06521739130434782 0.043478260869565216 0.043478260869565216 0.10869565217391304 0.06521739130434782 0.043478260869565216 0.08695652173913043 0.043478260869565216 0.06521739130434782
0.0625 0.0625 0.0625 0.0625 0.0625 0.0625 0.0625 0.0625 0.09375 0.0625 0.0625 0.0625 0.09375 0.0625 0.0625
0.1 0.07500000000000001 0.05 0.05 0.07500000000000001 0.1 0.05 0.07500000000000001 0.05 0.05 0.07500000000000001 0.07500000000000001 0.05 0.05 0.07500000000000001
0.07894736842105263 0.05263157894736842 0.07894736842105263 0.07894736842105263 0.05263157894736842 0.05263157894736842 0.07894736842105263 0.05263157894736842 0.07894736842105263 0.05263157894736842 0.07894736842105263 0.05263157894736842 0.10526315789473684 0.05263157894736842 0.05263157894736842
0.10526315789473684 0.07894736842105263 0.05263157894736842 0.05263157894736842 0.05263157894736842 0.07894736842105263 0.10526315789473684 0.07894736842105263 0.05263157894736842 0.05263157894736842 0.07894736842105263 0.05263157894736842 0.05263157894736842 0.05263157894736842 0.05263157894736842
0.05 0.05 0.05 0.1 0.05 0.05 0.05 0.05 0.07500000000000001 0.05 0.1 0.05 0.07500000000000001 0.1 0.1
0.058823529411764705 0.058823529411764705 0.058823529411764705 0.08823529411764705 0.058823529411764705 0.058823529411764705 0.058823529411764705 0.08823529411764705 0.058823529411764705 0.058823529411764705 0.058823529411764705 0.058823529411764705 0.058823529411764705 0.08823529411764705 0.08823529411764705
0.058823529411764705 0.058823529411764705 0.058823529411764705 0.058823529411764705 0.058823529411764705 0.058823529411764705 0.08823529411764705 0.058823529411764705 0.11764705882352941 0.058823529411764705 0.058823529411764705 0.058823529411764705 0.058823529411764705 0.08823529411764705 0.058823529411764705
0.07894736842105263 0.05263157894736842 0.05263157894736842 0.05263157894736842 0.05263157894736842 0.07894736842105263 0.05263157894736842 0.10526315789473684 0.07894736842105263 0.07894736842105263 0.05263157894736842 0.05263157894736842 0.07894736842105263 0.07894736842105263 0.05263157894736842
0.058823529411764705 0.058823529411764705 0.058823529411764705 0.058823529411764705 0.08823529411764705 0.058823529411764705 0.058823529411764705 0.08823529411764705 0.08823529411764705 0.058823529411764705 0.058823529411764705 0.08823529411764705 0.058823529411764705 0.058823529411764705 0.058823529411764705
0.05555555555555555 0.08333333333333333 0.05555555555555555 0.05555555555555555 0.05555555555555555 0.08333333333333333 0.05555555555555555 0.05555555555555555 0.08333333333333333 0.08333333333333333 0.08333333333333333 0.08333333333333333 0.05555555555555555 0.05555555555555555 0.05555555555555555
0.0625 0.0625 0.0625 0.0625 0.0625 0.0625 0.0625 0.0625 0.0625 0.125 0.0625 0.0625 0.0625 0.0625 0.0625
0.08333333333333333 0.08333333333333333 0.08333333333333333 0.05555555555555555 0.05555555555555555 0.05555555555555555 0.08333333333333333 0.05555555555555555 0.05555555555555555 0.08333333333333333 0.08333333333333333 0.05555555555555555 0.05555555555555555 0.05555555555555555 0.05555555555555555
0.0625 0.0625 0.0625 0.0625 0.09375 0.0625 0.0625 0.09375 0.0625 0.0625 0.0625 0.0625 0.0625 0.0625 0.0625
0.05555555555555555 0.08333333333333333 0.05555555555555555 0.08333333333333333 0.05555555555555555 0.08333333333333333 0.05555555555555555 0.05555555555555555 0.05555555555555555 0.08333333333333333 0.05555555555555555 0.08333333333333333 0.05555555555555555 0.05555555555555555 0.08333333333333333
0.06818181818181818 0.045454545454545456 0.13636363636363635 0.045454545454545456 0.06818181818181818 0.06818181818181818 0.06818181818181818 0.045454545454545456 0.06818181818181818 0.06818181818181818 0.045454545454545456 0.045454545454545456 0.06818181818181818 0.09090909090909091 0.06818181818181818
0.058823529411764705 0.058823529411764705 0.058823529411764705 0.058823529411764705 0.058823529411764705 0.058823529411764705 0.14705882352941177 0.058823529411764705 0.058823529411764705 0.058823529411764705 0.058823529411764705 0.058823529411764705 0.08823529411764705 0.058823529411764705 0.058823529411764705
0.06896551724137931 0.12068965517241378 0.05172413793103448 0.06896551724137931 0.05172413793103448 0.05172413793103448 0.06896551724137931 0.034482758620689655 0.034482758620689655 0.06896551724137931 0.10344827586206898 0.10344827586206898 0.05172413793103448 0.034482758620689655 0.08620689655172414
0.05555555555555555 0.08333333333333333 0.05555555555555555 0.05555555555555555 0.05555555555555555 0.05555555555555555 0.05555555555555555 0.08333333333333333 0.05555555555555555 0.08333333333333333 0.05555555555555555 0.05555555555555555 0.08333333333333333 0.08333333333333333 0.08333333333333333
0.0625 0.0625 0.0625 0.0625 0.09375 0.0625 0.0625 0.0625 0.0625 0.09375 0.0625 0.0625 0.0625 0.0625 0.0625
0.08823529411764705 0.058823529411764705 0.058823529411764705 0.08823529411764705 0.08823529411764705 0.058823529411764705 0.058823529411764705 0.058823529411764705 0.058823529411764705 0.058823529411764705 0.058823529411764705 0.058823529411764705 0.058823529411764705 0.058823529411764705 0.08823529411764705
0.058823529411764705 0.08823529411764705 0.058823529411764705 0.14705882352941177 0.058823529411764705 0.058823529411764705 0.058823529411764705 0.058823529411764705 0.058823529411764705 0.058823529411764705 0.058823529411764705 0.058823529411764705 0.058823529411764705 0.058823529411764705 0.058823529411764705
0.058823529411764705 0.08823529411764705 0.058823529411764705 0.08823529411764705 0.058823529411764705 0.058823529411764705 0.058823529411764705 0.058823529411764705 0.08823529411764705 0.058823529411764705 0.058823529411764705 0.058823529411764705 0.058823529411764705 0.08823529411764705 0.058823529411764705
0.07142857142857142 0.07142857142857142 0.07142857142857142 0.047619047619047616 0.047619047619047616 0.047619047619047616 0.09523809523809523 0.09523809523809523 0.047619047619047616 0.047619047619047616 0.047619047619047616 0.07142857142857142 0.14285714285714285 0.047619047619047616 0.047619047619047616
0.08333333333333333 0.05555555555555555 0.05555555555555555 0.05555555555555555 0.1111111111111111 0.05555555555555555 0.05555555555555555 0.05555555555555555 0.05555555555555555 0.08333333333333333 0.05555555555555555 0.05555555555555555 0.1111111111111111 0.05555555555555555 0.05555555555555555
0.0625 0.0625 0.0625 0.0625 0.09375 0.0625 0.0625 0.0625 0.0625 0.0625 0.0625 0.09375 0.0625 0.0625 0.0625
0.05555555555555555 0.05555555555555555 0.08333333333333333 0.1111111111111111 0.05555555555555555 0.05555555555555555 0.08333333333333333 0.08333333333333333 0.05555555555555555 0.05555555555555555 0.05555555555555555 0.05555555555555555 0.05555555555555555 0.05555555555555555 0.08333333333333333
0.0625 0.0625 0.0625 0.0625 0.0625 0.0625 0.0625 0.0625 0.125 0.0625 0.0625 0.0625 0.0625 0.0625 0.0625
0.05263157894736842 0.07894736842105263 0.05263157894736842 0.07894736842105263 0.05263157894736842 0.07894736842105263 0.05263157894736842 0.10526315789473684 0.07894736842105263 0.05263157894736842 0.05263157894736842 0.05263157894736842 0.05263157894736842 0.05263157894736842 0.10526315789473684
0.07894736842105263 0.05263157894736842 0.07894736842105263 0.10526315789473684 0.07894736842105263 0.05263157894736842 0.07894736842105263 0.05263157894736842 0.07894736842105263 0.05263157894736842 0.05263157894736842 0.05263157894736842 0.05263157894736842 0.05263157894736842 0.07894736842105263
0.05555555555555555 0.05555555555555555 0.05555555555555555 0.05555555555555555 0.1111111111111111 0.05555555555555555 0.05555555555555555 0.08333333333333333 0.08333333333333333 0.08333333333333333 0.08333333333333333 0.05555555555555555 0.05555555555555555 0.05555555555555555 0.05555555555555555
0.08333333333333333 0.05555555555555555 0.05555555555555555 0.05555555555555555 0.08333333333333333 0.05555555555555555 0.08333333333333333 0.05555555555555555 0.1111111111111111 0.05555555555555555 0.05555555555555555 0.05555555555555555 0.05555555555555555 0.08333333333333333 0.05555555555555555
0.08695652173913043 0.13043478260869565 0.043478260869565216 0.10869565217391304 0.08695652173913043 0.08695652173913043 0.043478260869565216 0.043478260869565216 0.06521739130434782 0.043478260869565216 0.043478260869565216 0.043478260869565216 0.06521739130434782 0.043478260869565216 0.06521739130434782
0.05 0.05 0.05 0.05 0.07500000000000001 0.07500000000000001 0.07500000000000001 0.05 0.07500000000000001 0.07500000000000001 0.07500000000000001 0.125 0.05 0.05 0.07500000000000001
0.0625 0.0625 0.09375 0.0625 0.0625 0.0625 0.0625 0.0625 0.0625 0.0625 0.0625 0.09375 0.0625 0.0625 0.0625
0.11764705882352941 0.058823529411764705 0.058823529411764705 0.058823529411764705 0.08823529411764705 0.058823529411764705 0.058823529411764705 0.058823529411764705 0.058823529411764705 0.058823529411764705 0.058823529411764705 0.058823529411764705 0.058823529411764705 0.058823529411764705 0.08823529411764705
0.058823529411764705 0.058823529411764705 0.058823529411764705 0.058823529411764705 0.058823529411764705 0.058823529411764705 0.058823529411764705 0.058823529411764705 0.058823529411764705 0.08823529411764705 0.08823529411764705 0.08823529411764705 0.08823529411764705 0.058823529411764705 0.058823529411764705
0.0625 0.0625 0.09375 0.0625 0.0625 0.0625 0.09375 0.0625 0.0625 0.0625 0.0625 0.0625 0.0625 0.0625 0.0625
0.11764705882352941 0.058823529411764705 0.058823529411764705 0.08823529411764705 0.058823529411764705 0.058823529411764705 0.058823529411764705 0.058823529411764705 0.058823529411764705 0.058823529411764705 0.058823529411764705 0.08823529411764705 0.058823529411764705 0.058823529411764705 0.058823529411764705
0.09375 0.0625 0.0625 0.0625 0.0625 0.0625 0.0625 0.09375 0.0625 0.0625 0.0625 0.0625 0.0625 0.0625 0.0625
0.08333333333333333 0.05555555555555555 0.05555555555555555 0.05555555555555555 0.08333333333333333 0.05555555555555555 0.08333333333333333 0.08333333333333333 0.05555555555555555 0.08333333333333333 0.05555555555555555 0.05555555555555555 0.05555555555555555 0.08333333333333333 0.05555555555555555
0.07894736842105263 0.05263157894736842 0.05263157894736842 0.05263157894736842 0.05263157894736842 0.05263157894736842 0.05263157894736842 0.13157894736842105 0.07894736842105263 0.05263157894736842 0.10526315789473684 0.07894736842105263 0.05263157894736842 0.05263157894736842 0.05263157894736842
0.1 0.125 0.05 0.07500000000000001 0.07500000000000001 0.05 0.05 0.05 0.05 0.07500000000000001 0.05 0.07500000000000001 0.05 0.07500000000000001 0.05
0.08333333333333333 0.08333333333333333 0.05555555555555555 0.1111111111111111 0.05555555555555555 0.05555555555555555 0.05555555555555555 0.05555555555555555 0.05555555555555555 0.05555555555555555 0.05555555555555555 0.05555555555555555 0.05555555555555555 0.08333333333333333 0.08333333333333333
0.10526315789473684 0.05263157894736842 0.10526315789473684 0.05263157894736842 0.05263157894736842 0.05263157894736842 0.07894736842105263 0.05263157894736842 0.10526315789473684 0.05263157894736842 0.07894736842105263 0.05263157894736842 0.05263157894736842 0.05263157894736842 0.05263157894736842
0.05263157894736842 0.05263157894736842 0.07894736842105263 0.05263157894736842 0.07894736842105263 0.05263157894736842 0.05263157894736842 0.05263157894736842 0.07894736842105263 0.05263157894736842 0.05263157894736842 0.07894736842105263 0.05263157894736842 0.13157894736842105 0.07894736842105263
0.0625 0.0625 0.09375 0.0625 0.0625 0.0625 0.0625 0.09375 0.0625 0.0625 0.0625 0.0625 0.0625 0.0625 0.0625
0.05555555555555555 0.05555555555555555 0.08333333333333333 0.1388888888888889 0.05555555555555555 0.05555555555555555 0.05555555555555555 0.05555555555555555 0.05555555555555555 0.05555555555555555 0.05555555555555555 0.08333333333333333 0.08333333333333333 0.05555555555555555 0.05555555555555555
0.058823529411764705 0.058823529411764705 0.058823529411764705 0.08823529411764705 0.058823529411764705 0.058823529411764705 0.08823529411764705 0.058823529411764705 0.058823529411764705 0.08823529411764705 0.058823529411764705 0.058823529411764705 0.058823529411764705 0.058823529411764705 0.08823529411764705
0.0625 0.0625 0.0625 0.0625 0.0625 0.0625 0.0625 0.09375 0.0625 0.0625 0.09375 0.0625 0.0625 0.0625 0.0625
0.05555555555555555 0.05555555555555555 0.05555555555555555 0.08333333333333333 0.05555555555555555 0.05555555555555555 0.08333333333333333 0.08333333333333333 0.05555555555555555 0.05555555555555555 0.05555555555555555 0.05555555555555555 0.05555555555555555 0.08333333333333333 0.1111111111111111
0.05263157894736842 0.05263157894736842 0.05263157894736842 0.05263157894736842 0.05263157894736842 0.05263157894736842 0.07894736842105263 0.05263157894736842 0.05263157894736842 0.05263157894736842 0.05263157894736842 0.10526315789473684 0.07894736842105263 0.15789473684210525 0.05263157894736842
0.0625 0.0625 0.0625 0.0625 0.0625 0.0625 0.0625 0.0625 0.0625 0.0625 0.0625 0.125 0.0625 0.0625 0.0625
0.125 0.0625 0.0625 0.0625 0.0625 0.0625 0.0625 0.0625 0.0625 0.0625 0.0625 0.0625 0.0625 0.0625 0.0625
0.0625 0.0625 0.0625 0.0625 0.0625 0.0625 0.09375 0.0625 0.0625 0.0625 0.0625 0.0625 0.09375 0.0625 0.0625
0.07894736842105263 0.05263157894736842 0.07894736842105263 0.05263157894736842 0.05263157894736842 0.05263157894736842 0.07894736842105263 0.05263157894736842 0.05263157894736842 0.05263157894736842 0.05263157894736842 0.07894736842105263 0.07894736842105263 0.05263157894736842 0.13157894736842105
0.07894736842105263 0.05263157894736842 0.05263157894736842 0.07894736842105263 0.10526315789473684 0.05263157894736842 0.07894736842105263 0.05263157894736842 0.05263157894736842 0.05263157894736842 0.07894736842105263 0.07894736842105263 0.05263157894736842 0.07894736842105263 0.05263157894736842
0.07407407407407407 0.09259259259259259 0.09259259259259259 0.037037037037037035 0.05555555555555555 0.05555555555555555 0.05555555555555555 0.1111111111111111 0.05555555555555555 0.05555555555555555 0.05555555555555555 0.05555555555555555 0.037037037037037035 0.07407407407407407 0.09259259259259259
0.07500000000000001 0.07500000000000001 0.05 0.07500000000000001 0.07500000000000001 0.05 0.05 0.07500000000000001 0.1 0.07500000000000001 0.05 0.07500000000000001 0.05 0.07500000000000001 0.05
0.058823529411764705 0.058823529411764705 0.08823529411764705 0.08823529411764705 0.058823529411764705 0.08823529411764705 0.058823529411764705 0.058823529411764705 0.058823529411764705 0.08823529411764705 0.058823529411764705 0.058823529411764705 0.058823529411764705 0.058823529411764705 0.058823529411764705
0.047619047619047616 0.047619047619047616 0.07142857142857142 0.14285714285714285 0.047619047619047616 0.047619047619047616 0.047619047619047616 0.11904761904761904 0.07142857142857142 0.07142857142857142 0.047619047619047616 0.07142857142857142 0.07142857142857142 0.047619047619047616 0.047619047619047616
0.05 0.05 0.05 0.05 0.05 0.07500000000000001 0.07500000000000001 0.05 0.05 0.05 0.05 0.125 0.07500000000000001 0.125 0.07500000000000001
0.05555555555555555 0.05555555555555555 0.05555555555555555 0.05555555555555555 0.05555555555555555 0.05555555555555555 0.05555555555555555 0.08333333333333333 0.08333333333333333 0.05555555555555555 0.05555555555555555 0.08333333333333333 0.05555555555555555 0.1111111111111111 0.08333333333333333
0.05263157894736842 0.05263157894736842 0.05263157894736842 0.05263157894736842 0.05263157894736842 0.10526315789473684 0.07894736842105263 0.07894736842105263 0.07894736842105263 0.05263157894736842 0.05263157894736842 0.05263157894736842 0.07894736842105263 0.07894736842105263 0.07894736842105263
0.05 0.05 0.05 0.07500000000000001 0.07500000000000001 0.05 0.07500000000000001 0.05 0.125 0.05 0.07500000000000001 0.05 0.1 0.05 0.07500000000000001
0.058823529411764705 0.058823529411764705 0.08823529411764705 0.058823529411764705 0.058823529411764705 0.058823529411764705 0.058823529411764705 0.058823529411764705 0.058823529411764705 0.058823529411764705 0.11764705882352941 0.058823529411764705 0.058823529411764705 0.058823529411764705 0.08823529411764705
0.0625 0.0625 0.0625 0.0625 0.0625 0.0625 0.0625 0.0625 0.0625 0.0625 0.0625 0.09375 0.0625 0.09375 0.0625
0.0625 0.0625 0.0625 0.0625 0.0625 0.0625 0.0625 0.0625 0.0625 0.0625 0.0625 0.0625 0.0625 0.09375 0.09375
0.0625 0.0625 0.0625 0.0625 0.0625 0.0625 0.0625 0.0625 0.0625 0.09375 0.0625 0.09375 0.0625 0.0625 0.0625
0.058823529411764705 0.058823529411764705 0.058823529411764705 0.058823529411764705 0.08823529411764705 0.058823529411764705 0.058823529411764705 0.058823529411764705 0.08823529411764705 0.058823529411764705 0.08823529411764705 0.08823529411764705 0.058823529411764705 0.058823529411764705 0.058823529411764705
0.058823529411764705 0.058823529411764705 0.058823529411764705 0.058823529411764705 0.11764705882352941 0.058823529411764705 0.058823529411764705 0.058823529411764705 0.058823529411764705 0.11764705882352941 0.058823529411764705 0.058823529411764705 0.058823529411764705 0.058823529411764705 0.058823529411764705
0.0625 0.0625 0.09375 0.0625 0.0625 0.0625 0.0625 0.0625 0.09375 0.0625 0.0625 0.0625 0.0625 0.0625 0.0625
0.09375 0.0625 0.0625 0.0625 0.09375 0.0625 0.0625 0.0625 0.0625 0.0625 0.0625 0.0625 0.0625 0.0625 0.0625
0.0625 0.0625 0.0625 0.0625 0.0625 0.0625 0.0625 0.09375 0.0625 0.0625 0.0625 0.0625 0.09375 0.0625 0.0625
0.05555555555555555 0.08333333333333333 0.1111111111111111 0.05555555555555555 0.08333333333333333 0.05555555555555555 0.08333333333333333 0.05555555555555555 0.05555555555555555 0.05555555555555555 0.05555555555555555 0.05555555555555555 0.08333333333333333 0.05555555555555555 0.05555555555555555
0.07500000000000001 0.125 0.05 0.05 0.15000000000000002 0.05 0.05 0.05 0.05 0.1 0.05 0.05 0.05 0.05 0.05
0.043478260869565216 0.043478260869565216 0.043478260869565216 0.06521739130434782 0.06521739130434782 0.043478260869565216 0.043478260869565216 0.06521739130434782 0.043478260869565216 0.08695652173913043 0.06521739130434782 0.13043478260869565 0.06521739130434782 0.10869565217391304 0.08695652173913043
0.05263157894736842 0.05263157894736842 0.05263157894736842 0.10526315789473684 0.07894736842105263 0.05263157894736842 0.05263157894736842 0.05263157894736842 0.05263157894736842 0.10526315789473684 0.05263157894736842 0.07894736842105263 0.07894736842105263 0.05263157894736842 0.07894736842105263
0.05 0.05 0.05 0.1 0.125 0.1 0.07500000000000001 0.05 0.05 0.07500000000000001 0.05 0.05 0.05 0.05 0.07500000000000001
0.05263157894736842 0.07894736842105263 0.05263157894736842 0.05263157894736842 0.05263157894736842 0.07894736842105263 0.05263157894736842 0.10526315789473684 0.05263157894736842 0.07894736842105263 0.05263157894736842 0.07894736842105263 0.05263157894736842 0.07894736842105263 0.07894736842105263
0.03333333333333333 0.03333333333333333 0.08333333333333334 0.06666666666666667 0.05 0.03333333333333333 0.13333333333333333 0.05 0.09999999999999999 0.05 0.18333333333333335 0.05 0.05 0.05 0.03333333333333333
0.047619047619047616 0.07142857142857142 0.11904761904761904 0.07142857142857142 0.07142857142857142 0.07142857142857142 0.047619047619047616 0.047619047619047616 0.11904761904761904 0.047619047619047616 0.047619047619047616 0.07142857142857142 0.07142857142857142 0.047619047619047616 0.047619047619047616
0.07692307692307693 0.07692307692307693 0.11538461538461539 0.057692307692307696 0.057692307692307696 0.057692307692307696 0.038461538461538464 0.038461538461538464 0.09615384615384616 0.038461538461538464 0.07692307692307693 0.11538461538461539 0.057692307692307696 0.038461538461538464 0.057692307692307696
0.09523809523809523 0.07142857142857142 0.047619047619047616 0.047619047619047616 0.07142857142857142 0.07142857142857142 0.047619047619047616 0.047619047619047616 0.047619047619047616 0.11904761904761904 0.09523809523809523 0.07142857142857142 0.07142857142857142 0.047619047619047616 0.047619047619047616
0.06818181818181818 0.045454545454545456 0.045454545454545456 0.06818181818181818 0.09090909090909091 0.06818181818181818 0.06818181818181818 0.06818181818181818 0.045454545454545456 0.06818181818181818 0.045454545454545456 0.06818181818181818 0.1590909090909091 0.045454545454545456 0.045454545454545456
0.045454545454545456 0.06818181818181818 0.06818181818181818 0.045454545454545456 0.13636363636363635 0.09090909090909091 0.045454545454545456 0.09090909090909091 0.06818181818181818 0.06818181818181818 0.045454545454545456 0.045454545454545456 0.06818181818181818 0.06818181818181818 0.045454545454545456
0.047619047619047616 0.047619047619047616 0.09523809523809523 0.11904761904761904 0.09523809523809523 0.047619047619047616 0.07142857142857142 0.047619047619047616 0.047619047619047616 0.09523809523809523 0.047619047619047616 0.047619047619047616 0.047619047619047616 0.07142857142857142 0.07142857142857142
0.058823529411764705 0.058823529411764705 0.11764705882352941 0.058823529411764705 0.058823529411764705 0.058823529411764705 0.058823529411764705 0.058823529411764705 0.058823529411764705 0.058823529411764705 0.08823529411764705 0.058823529411764705 0.058823529411764705 0.08823529411764705 0.058823529411764705
0.0625 0.0625 0.0625 0.0625 0.0625 0.0625 0.0625 0.09375 0.0625 0.0625 0.0625 0.0625 0.09375 0.0625 0.0625
0.06521739130434782 0.10869565217391304 0.043478260869565216 0.08695652173913043 0.043478260869565216 0.06521739130434782 0.10869565217391304 0.043478260869565216 0.06521739130434782 0.043478260869565216 0.06521739130434782 0.06521739130434782 0.043478260869565216 0.043478260869565216 0.10869565217391304
0.08333333333333333 0.08333333333333333 0.05555555555555555 0.05555555555555555 0.05555555555555555 0.05555555555555555 0.05555555555555555 0.05555555555555555 0.1111111111111111 0.05555555555555555 0.08333333333333333 0.05555555555555555 0.08333333333333333 0.05555555555555555 0.05555555555555555
0.1111111111111111 0.05555555555555555 0.05555555555555555 0.05555555555555555 0.05555555555555555 0.05555555555555555 0.05555555555555555 0.05555555555555555 0.08333333333333333 0.05555555555555555 0.05555555555555555 0.1111111111111111 0.08333333333333333 0.05555555555555555 0.05555555555555555
0.1111111111111111 0.05555555555555555 0.05555555555555555 0.05555555555555555 0.05555555555555555 0.05555555555555555 0.08333333333333333 0.1111111111111111 0.08333333333333333 0.05555555555555555 0.05555555555555555 0.05555555555555555 0.05555555555555555 0.05555555555555555 0.05555555555555555
0.08823529411764705 0.058823529411764705 0.058823529411764705 0.058823529411764705 0.058823529411764705 0.058823529411764705 0.08823529411764705 0.058823529411764705 0.08823529411764705 0.058823529411764705 0.058823529411764705 0.058823529411764705 0.08823529411764705 0.058823529411764705 0.058823529411764705
0.058823529411764705 0.08823529411764705 0.058823529411764705 0.058823529411764705 0.058823529411764705 0.08823529411764705 0.058823529411764705 0.058823529411764705 0.058823529411764705 0.058823529411764705 0.08823529411764705 0.08823529411764705 0.058823529411764705 0.058823529411764705 0.058823529411764705
0.05555555555555555 0.05555555555555555 0.05555555555555555 0.08333333333333333 0.05555555555555555 0.08333333333333333 0.05555555555555555 0.08333333333333333 0.05555555555555555 0.08333333333333333 0.05555555555555555 0.1111111111111111 0.05555555555555555 0.05555555555555555 0.05555555555555555
0.058823529411764705 0.058823529411764705 0.058823529411764705 0.08823529411764705 0.08823529411764705 0.058823529411764705 0.058823529411764705 0.058823529411764705 0.058823529411764705 0.058823529411764705 0.058823529411764705 0.11764705882352941 0.058823529411764705 0.058823529411764705 0.058823529411764705
0.05555555555555555 0.08333333333333333 0.05555555555555555 0.05555555555555555 0.08333333333333333 0.08333333333333333 0.08333333333333333 0.05555555555555555 0.05555555555555555 0.05555555555555555 0.05555555555555555 0.05555555555555555 0.08333333333333333 0.08333333333333333 0.05555555555555555
0.058823529411764705 0.058823529411764705 0.058823529411764705 0.058823529411764705 0.058823529411764705 0.058823529411764705 0.08823529411764705 0.058823529411764705 0.058823529411764705 0.058823529411764705 0.08823529411764705 0.11764705882352941 0.058823529411764705 0.058823529411764705 0.058823529411764705
0.08333333333333333 0.05555555555555555 0.05555555555555555 0.05555555555555555 0.05555555555555555 0.05555555555555555 0.05555555555555555 0.05555555555555555 0.08333333333333333 0.08333333333333333 0.08333333333333333 0.05555555555555555 0.08333333333333333 0.08333333333333333 0.05555555555555555
0.05 0.05 0.05 0.07500000000000001 0.05 0.05 0.05 0.07500000000000001 0.07500000000000001 0.05 0.1 0.05 0.125 0.07500000000000001 0.07500000000000001
0.09375 0.0625 0.0625 0.0625 0.0625 0.0625 0.0625 0.09375 0.0625 0.0625 0.0625 0.0625 0.0625 0.0625 0.0625
0.07894736842105263 0.05263157894736842 0.05263157894736842 0.07894736842105263 0.07894736842105263 0.05263157894736842 0.05263157894736842 0.05263157894736842 0.05263157894736842 0.10526315789473684 0.07894736842105263 0.05263157894736842 0.07894736842105263 0.07894736842105263 0.05263157894736842
0.08333333333333333 0.05555555555555555 0.05555555555555555 0.05555555555555555 0.05555555555555555 0.1388888888888889 0.05555555555555555 0.05555555555555555 0.05555555555555555 0.08333333333333333 0.05555555555555555 0.05555555555555555 0.05555555555555555 0.05555555555555555 0.08333333333333333
0.058823529411764705 0.058823529411764705 0.058823529411764705 0.08823529411764705 0.058823529411764705 0.08823529411764705 0.058823529411764705 0.058823529411764705 0.058823529411764705 0.058823529411764705 0.058823529411764705 0.11764705882352941 0.058823529411764705 0.058823529411764705 0.058823529411764705
0.08695652173913043 0.043478260869565216 0.043478260869565216 0.043478260869565216 0.08695652173913043 0.043478260869565216 0.043478260869565216 0.15217391304347827 0.10869565217391304 0.043478260869565216 0.13043478260869565 0.043478260869565216 0.043478260869565216 0.043478260869565216 0.043478260869565216
0.05 0.05 0.05 0.05 0.125 0.05 0.07500000000000001 0.05 0.125 0.05 0.05 0.1 0.05 0.07500000000000001 0.05
0.09090909090909091 0.045454545454545456 0.045454545454545456 0.06818181818181818 0.1590909090909091 0.06818181818181818 0.06818181818181818 0.045454545454545456 0.06818181818181818 0.045454545454545456 0.06818181818181818 0.06818181818181818 0.045454545454545456 0.045454545454545456 0.06818181818181818
0.0625 0.0625 0.0625 0.0625 0.09375 0.0625 0.0625 0.0625 0.0625 0.0625 0.0625 0.0625 0.0625 0.09375 0.0625
0.0625 0.0625 0.0625 0.09375 0.09375 0.0625 0.0625 0.0625 0.0625 0.0625 0.0625 0.0625 0.0625 0.0625 0.0625
0.07500000000000001 0.07500000000000001 0.05 0.05 0.125 0.07500000000000001 0.05 0.05 0.07500000000000001 0.05 0.05 0.07500000000000001 0.07500000000000001 0.07500000000000001 0.05
0.05263157894736842 0.05263157894736842 0.05263157894736842 0.07894736842105263 0.05263157894736842 0.05263157894736842 0.07894736842105263 0.05263157894736842 0.05263157894736842 0.05263157894736842 0.07894736842105263 0.10526315789473684 0.07894736842105263 0.05263157894736842 0.10526315789473684
0.10869565217391304 0.06521739130434782 0.043478260869565216 0.043478260869565216 0.06521739130434782 0.043478260869565216 0.06521739130434782 0.043478260869565216 0.043478260869565216 0.043478260869565216 0.08695652173913043 0.06521739130434782 0.10869565217391304 0.10869565217391304 0.06521739130434782
0.058823529411764705 0.058823529411764705 0.058823529411764705 0.08823529411764705 0.058823529411764705 0.08823529411764705 0.058823529411764705 0.058823529411764705 0.058823529411764705 0.08823529411764705 0.058823529411764705 0.058823529411764705 0.08823529411764705 0.058823529411764705 0.058823529411764705
0.05 0.07500000000000001 0.05 0.1 0.05 0.07500000000000001 0.05 0.07500000000000001 0.05 0.07500000000000001 0.125 0.05 0.05 0.07500000000000001 0.05
0.0625 0.0625 0.0625 0.0625 0.0625 0.09375 0.0625 0.0625 0.0625 0.0625 0.0625 0.09375 0.0625 0.0625 0.0625
0.08823529411764705 0.058823529411764705 0.058823529411764705 0.058823529411764705 0.058823529411764705 0.058823529411764705 0.058823529411764705 0.058823529411764705 0.08823529411764705 0.11764705882352941 0.058823529411764705 0.058823529411764705 0.058823529411764705 0.058823529411764705 0.058823529411764705
0.0625 0.0625 0.09375 0.0625 0.09375 0.0625 0.0625 0.0625 0.0625 0.0625 0.0625 0.0625 0.0625 0.0625 0.0625
0.09375 0.0625 0.0625 0.0625 0.0625 0.0625 0.0625 0.0625 0.0625 0.09375 0.0625 0.0625 0.0625 0.0625 0.0625
0.07894736842105263 0.07894736842105263 0.05263157894736842 0.05263157894736842 0.05263157894736842 0.05263157894736842 0.05263157894736842 0.13157894736842105 0.10526315789473684 0.05263157894736842 0.05263157894736842 0.05263157894736842 0.05263157894736842 0.07894736842105263 0.05263157894736842
0.1388888888888889 0.05555555555555555 0.05555555555555555 0.08333333333333333 0.05555555555555555 0.05555555555555555 0.05555555555555555 0.05555555555555555 0.08333333333333333 0.05555555555555555 0.05555555555555555 0.05555555555555555 0.05555555555555555 0.05555555555555555 0.08333333333333333
0.058823529411764705 0.058823529411764705 0.058823529411764705 0.058823529411764705 0.058823529411764705 0.058823529411764705 0.058823529411764705 0.08823529411764705 0.058823529411764705 0.058823529411764705 0.08823529411764705 0.08823529411764705 0.058823529411764705 0.08823529411764705 0.058823529411764705
0.08823529411764705 0.058823529411764705 0.058823529411764705 0.058823529411764705 0.058823529411764705 0.058823529411764705 0.058823529411764705 0.08823529411764705 0.058823529411764705 0.058823529411764705 0.058823529411764705 0.08823529411764705 0.08823529411764705 0.058823529411764705 0.058823529411764705
0.04 0.06 0.04 0.08 0.06 0.04 0.08 0.08 0.04 0.12000000000000001 0.04 0.08 0.06 0.1 0.08
0.05 0.1 0.05 0.05 0.07500000000000001 0.05 0.05 0.125 0.05 0.05 0.125 0.05 0.07500000000000001 0.05 0.05
0.1 0.05 0.05 0.05 0.07500000000000001 0.05 0.05 0.05 0.05 0.1 0.07500000000000001 0.05 0.1 0.1 0.05
0.15217391304347827 0.043478260869565216 0.043478260869565216 0.10869565217391304 0.043478260869565216 0.043478260869565216 0.043478260869565216 0.06521739130434782 0.08695652173913043 0.043478260869565216 0.043478260869565216 0.13043478260869565 0.043478260869565216 0.06521739130434782 0.043478260869565216
0.06818181818181818 0.045454545454545456 0.045454545454545456 0.06818181818181818 0.06818181818181818 0.13636363636363635 0.045454545454545456 0.13636363636363635 0.045454545454545456 0.045454545454545456 0.06818181818181818 0.06818181818181818 0.06818181818181818 0.045454545454545456 0.045454545454545456
0.05263157894736842 0.05263157894736842 0.05263157894736842 0.05263157894736842 0.05263157894736842 0.05263157894736842 0.07894736842105263 0.07894736842105263 0.05263157894736842 0.05263157894736842 0.05263157894736842 0.07894736842105263 0.13157894736842105 0.05263157894736842 0.10526315789473684
