0.09666666666666655 0.052222222222222135 0.05555555555555547 0.057222222222222126 0.05111111111111102 0.05611111111111103 0.061111111111111005 0.053333333333333253 0.05777777777777769 0.16444444444444437 0.0527777777777777 0.05722222222222214 0.07277777777777766 0.05888888888888881 0.05277777777777769
0.10055555555555548 0.08222222222222211 0.05666666666666658 0.0527777777777777 0.05166666666666658 0.05444444444444436 0.05722222222222212 0.053333333333333253 0.057222222222222126 0.16166666666666668 0.053888888888888806 0.05666666666666658 0.053888888888888806 0.05611111111111102 0.05166666666666658
0.06319444444444444 0.0625 0.06319444444444444 0.0625 0.0625 0.0625 0.06319444444444444 0.06319444444444444 0.06319444444444444 0.12013888888888889 0.0625 0.0625 0.06388888888888888 0.0625 0.0625
0.05679012345679001 0.06234567901234556 0.07962962962962951 0.05987654320987644 0.061111111111110984 0.06358024691358014 0.07777777777777765 0.07407407407407396 0.05987654320987642 0.058024691358024585 0.05740740740740729 0.10987654320987637 0.05740740740740729 0.06358024691358014 0.058641975308641854
0.06597222222222222 0.06527777777777778 0.06458333333333334 0.06805555555555555 0.06944444444444445 0.06736111111111111 0.06666666666666667 0.06666666666666667 0.06597222222222222 0.07152777777777777 0.06458333333333334 0.06597222222222222 0.06805555555555555 0.06458333333333334 0.06527777777777778
0.06458333333333334 0.06597222222222222 0.06875 0.06875 0.06736111111111111 0.06666666666666667 0.06805555555555555 0.06666666666666667 0.06666666666666667 0.06597222222222222 0.06736111111111111 0.06597222222222222 0.06527777777777778 0.06736111111111111 0.06458333333333334
0.06458333333333334 0.06458333333333334 0.06597222222222222 0.1 0.06388888888888888 0.06527777777777778 0.06458333333333334 0.06527777777777778 0.0625 0.06458333333333334 0.06458333333333334 0.0625 0.06527777777777778 0.06319444444444444 0.06319444444444444
0.05458937198067642 0.05942028985507253 0.0801932367149759 0.08019323671497594 0.0971014492753624 0.07101449275362329 0.06328502415458946 0.057004830917874484 0.06038647342995179 0.11400966183574884 0.05507246376811604 0.05458937198067642 0.05458937198067642 0.05362318840579717 0.04492753623188413
0.0640522875816992 0.07058823529411751 0.06732026143790835 0.0679738562091502 0.06666666666666651 0.06928104575163385 0.0699346405228757 0.06732026143790837 0.0699346405228757 0.06928104575163387 0.06470588235294106 0.06274509803921555 0.06535947712418287 0.062091503267973726 0.06274509803921555
0.11212121212121223 0.05909090909090916 0.13686868686868703 0.053535353535353554 0.05000000000000001 0.07929292929292936 0.07070707070707077 0.06818181818181826 0.051010101010101026 0.04949494949494951 0.055555555555555594 0.05656565656565661 0.05050505050505052 0.056060606060606116 0.051010101010101026
0.06875 0.06458333333333334 0.06458333333333334 0.06736111111111111 0.07083333333333333 0.07013888888888889 0.07013888888888889 0.06805555555555555 0.06458333333333334 0.06666666666666667 0.06388888888888888 0.06527777777777778 0.06527777777777778 0.06597222222222222 0.06388888888888888
0.06666666666666658 0.06277777777777768 0.0688888888888888 0.05944444444444436 0.06555555555555546 0.08499999999999994 0.09166666666666659 0.07388888888888881 0.05444444444444436 0.06055555555555546 0.05722222222222214 0.06555555555555546 0.06055555555555547 0.0716666666666666 0.05611111111111103
0.06013071895424824 0.06013071895424824 0.06535947712418287 0.14248366013071875 0.06078431372549007 0.06470588235294104 0.0614379084967319 0.06339869281045737 0.06013071895424823 0.06013071895424824 0.06013071895424824 0.0594771241830064 0.05882352941176457 0.062091503267973726 0.06078431372549007
0.2083333333333331 0.05333333333333324 0.05277777777777769 0.05277777777777769 0.053888888888888806 0.054999999999999924 0.053333333333333253 0.05444444444444435 0.05611111111111102 0.053333333333333253 0.05444444444444436 0.05333333333333324 0.056666666666666574 0.05444444444444435 0.08777777777777765
0.05802469135802457 0.06358024691358014 0.07160493827160479 0.05925925925925915 0.05925925925925915 0.07592592592592583 0.08333333333333329 0.07222222222222212 0.058641975308641854 0.05925925925925916 0.061111111111111005 0.06728395061728384 0.06049382716049372 0.09135802469135791 0.058641975308641854
0.06319444444444444 0.06527777777777778 0.06527777777777778 0.06388888888888888 0.06597222222222222 0.06875 0.075 0.06805555555555555 0.06388888888888888 0.06388888888888888 0.0625 0.06736111111111111 0.06388888888888888 0.08055555555555556 0.0625
0.062091503267973726 0.06209150326797371 0.0660130718954247 0.06078431372549007 0.0999999999999998 0.0699346405228757 0.07058823529411751 0.07320261437908482 0.06078431372549007 0.059477124183006415 0.06405228758169922 0.06666666666666654 0.06013071895424824 0.06274509803921556 0.0614379084967319
0.0625 0.0625 0.0625 0.0625 0.0625 0.06319444444444444 0.06319444444444444 0.06319444444444444 0.11944444444444445 0.06319444444444444 0.0625 0.0625 0.06458333333333334 0.06319444444444444 0.0625
0.06405228758169922 0.0640522875816992 0.06666666666666655 0.06339869281045737 0.0640522875816992 0.07058823529411751 0.08954248366013058 0.07189542483660119 0.062091503267973726 0.06339869281045737 0.062091503267973726 0.06535947712418289 0.06470588235294104 0.06535947712418287 0.06274509803921556
0.07083333333333333 0.06875 0.07430555555555556 0.06875 0.06597222222222222 0.06388888888888888 0.06875 0.06597222222222222 0.06388888888888888 0.06319444444444444 0.06458333333333334 0.06597222222222222 0.06388888888888888 0.06597222222222222 0.06527777777777778
0.06597222222222222 0.06458333333333334 0.06666666666666667 0.07083333333333333 0.06666666666666667 0.06458333333333334 0.06944444444444445 0.06597222222222222 0.06875 0.06458333333333334 0.06597222222222222 0.06875 0.06388888888888888 0.06666666666666667 0.06666666666666667
0.0640522875816992 0.0614379084967319 0.061437908496731905 0.061437908496731905 0.06274509803921556 0.060784313725490056 0.12941176470588217 0.06666666666666653 0.06013071895424824 0.06405228758169922 0.06078431372549007 0.06274509803921555 0.06078431372549007 0.06470588235294104 0.05882352941176457
0.05380116959064327 0.05321637426900585 0.05321637426900584 0.053801169590643266 0.05321637426900585 0.053801169590643266 0.053801169590643266 0.24678362573099438 0.05321637426900584 0.05614035087719295 0.053801169590643266 0.053801169590643266 0.05380116959064327 0.05438596491228071 0.05321637426900585
0.05679012345679001 0.05679012345679001 0.05679012345679002 0.05740740740740729 0.15802469135802447 0.05925925925925916 0.05617283950617273 0.08271604938271593 0.058641975308641854 0.07345679012345664 0.05679012345679002 0.05555555555555545 0.05740740740740729 0.05802469135802457 0.05617283950617273
0.059876543209876426 0.05925925925925914 0.05925925925925915 0.07098765432098754 0.06049382716049372 0.06481481481481471 0.10925925925925911 0.06790123456790112 0.05679012345679001 0.08086419753086406 0.05925925925925915 0.06296296296296283 0.05864197530864187 0.07222222222222213 0.05740740740740729
0.060784313725490056 0.06405228758169923 0.06339869281045737 0.062091503267973726 0.0640522875816992 0.12091503267973838 0.06470588235294103 0.061437908496731905 0.06470588235294104 0.062091503267973726 0.062091503267973726 0.06339869281045737 0.06078431372549007 0.0640522875816992 0.061437908496731884
0.10987654320987637 0.06481481481481469 0.061728395061728294 0.06296296296296283 0.06419753086419742 0.06296296296296285 0.06604938271604927 0.06604938271604927 0.06419753086419742 0.0679012345679011 0.05802469135802457 0.059876543209876426 0.06296296296296285 0.06975308641975296 0.05864197530864187
0.06257309941520466 0.057309941520467846 0.05497076023391812 0.061403508771929814 0.05497076023391813 0.07719298245614029 0.06491228070175432 0.06432748538011693 0.05555555555555554 0.09649122807017536 0.0543859649122807 0.05497076023391812 0.12397660818713445 0.0608187134502924 0.05614035087719297
0.06274509803921555 0.12222222222222197 0.06666666666666653 0.06339869281045739 0.059477124183006415 0.061437908496731905 0.06405228758169922 0.06470588235294103 0.0614379084967319 0.06209150326797373 0.06405228758169922 0.06078431372549007 0.061437908496731884 0.06535947712418287 0.06013071895424824
0.055555555555555566 0.22923976608187135 0.05380116959064327 0.05380116959064327 0.05321637426900584 0.05614035087719299 0.053801169590643266 0.06198830409356726 0.05614035087719295 0.0549707602339181 0.05380116959064327 0.053801169590643266 0.057309941520467804 0.052631578947368425 0.053801169590643266
0.0690058479532163 0.06432748538011694 0.06315789473684212 0.06315789473684208 0.05789473684210522 0.06900584795321638 0.07602339181286548 0.08654970760233917 0.06081871345029237 0.060818713450292376 0.07192982456140347 0.06315789473684208 0.06374269005847952 0.06842105263157894 0.061988304093567224
0.06458333333333334 0.06388888888888888 0.06944444444444445 0.06388888888888888 0.0625 0.06597222222222222 0.06805555555555555 0.0625 0.0625 0.06388888888888888 0.06458333333333334 0.09583333333333334 0.0625 0.06597222222222222 0.06388888888888888
0.0625 0.06319444444444444 0.06388888888888888 0.06388888888888888 0.06319444444444444 0.06319444444444444 0.0625 0.06388888888888888 0.0625 0.0625 0.06388888888888888 0.11736111111111111 0.0625 0.0625 0.0625
0.05789473684210524 0.058479532163742694 0.0543859649122807 0.05614035087719298 0.054970760233918115 0.06198830409356721 0.06549707602339173 0.06432748538011696 0.0567251461988304 0.0567251461988304 0.057309941520467804 0.1017543859649123 0.05614035087719299 0.05438596491228069 0.1432748538011694
0.06666666666666653 0.06339869281045737 0.06666666666666654 0.0660130718954247 0.0660130718954247 0.07320261437908483 0.07124183006535934 0.0699346405228757 0.0614379084967319 0.06339869281045739 0.06274509803921556 0.07777777777777763 0.06470588235294103 0.06666666666666655 0.06013071895424823
0.06597222222222222 0.06875 0.06666666666666667 0.06666666666666667 0.06666666666666667 0.06388888888888888 0.06666666666666667 0.06736111111111111 0.06458333333333334 0.06527777777777778 0.06875 0.06736111111111111 0.06666666666666667 0.06875 0.06597222222222222
0.07973856209150311 0.0614379084967319 0.062091503267973726 0.06339869281045739 0.07254901960784296 0.06732026143790835 0.06405228758169922 0.06732026143790834 0.06666666666666654 0.06209150326797373 0.061437908496731905 0.06601307189542469 0.0594771241830064 0.08496732026143777 0.061437908496731884
0.0625 0.06388888888888888 0.06319444444444444 0.0625 0.0625 0.06527777777777778 0.06319444444444444 0.0625 0.06458333333333334 0.11180555555555556 0.06319444444444444 0.06458333333333334 0.06458333333333334 0.06319444444444444 0.0625
0.06527777777777778 0.06458333333333334 0.06944444444444445 0.06597222222222222 0.06527777777777778 0.07013888888888889 0.06597222222222222 0.07361111111111111 0.06597222222222222 0.06666666666666667 0.06319444444444444 0.07013888888888889 0.06527777777777778 0.06458333333333334 0.06388888888888888
0.06805555555555555 0.06458333333333334 0.06527777777777778 0.06666666666666667 0.06666666666666667 0.07013888888888889 0.07013888888888889 0.06736111111111111 0.06597222222222222 0.06666666666666667 0.06666666666666667 0.06597222222222222 0.06458333333333334 0.06527777777777778 0.06597222222222222
0.0641975308641974 0.06666666666666655 0.058024691358024585 0.05925925925925916 0.05740740740740729 0.06790123456790112 0.06358024691358011 0.05864197530864187 0.05864197530864187 0.12901234567901215 0.06790123456790109 0.058641975308641875 0.07037037037037025 0.061111111111111005 0.05864197530864187
0.06458333333333334 0.0625 0.06736111111111111 0.09166666666666666 0.06597222222222222 0.06666666666666667 0.06666666666666667 0.06527777777777778 0.06319444444444444 0.06388888888888888 0.06388888888888888 0.06388888888888888 0.06458333333333334 0.06736111111111111 0.0625
0.06013071895424823 0.05882352941176457 0.06013071895424823 0.06078431372549007 0.14640522875816964 0.06013071895424824 0.0614379084967319 0.06405228758169922 0.0594771241830064 0.059477124183006415 0.06078431372549007 0.0594771241830064 0.05882352941176457 0.07124183006535938 0.05882352941176457
0.06928104575163387 0.06470588235294106 0.0679738562091502 0.06470588235294104 0.06601307189542469 0.07385620915032665 0.072549019607843 0.06797385620915021 0.06274509803921555 0.06470588235294104 0.06405228758169922 0.07189542483660116 0.0614379084967319 0.06601307189542469 0.062091503267973726
0.045333333333333364 0.04400000000000003 0.04755555555555559 0.05600000000000004 0.12088888888888885 0.0506666666666667 0.046222222222222255 0.05200000000000004 0.11511111111111108 0.047111111111111145 0.056888888888888926 0.10977777777777778 0.07955555555555562 0.047111111111111145 0.08177777777777782
0.05617283950617273 0.11049382716049361 0.06049382716049373 0.06296296296296283 0.05925925925925915 0.06172839506172829 0.05617283950617273 0.05802469135802457 0.05987654320987644 0.05925925925925915 0.08950617283950607 0.06296296296296285 0.0907407407407406 0.05617283950617273 0.05617283950617273
0.06274509803921556 0.06013071895424824 0.059477124183006415 0.06666666666666653 0.061437908496731905 0.06274509803921555 0.06470588235294103 0.1352941176470586 0.06405228758169922 0.06013071895424824 0.05882352941176457 0.06209150326797373 0.0594771241830064 0.06339869281045737 0.05882352941176457
0.05444444444444437 0.05277777777777769 0.052222222222222135 0.05555555555555548 0.05277777777777769 0.05666666666666658 0.05555555555555547 0.052222222222222135 0.10388888888888882 0.10333333333333318 0.06388888888888879 0.053333333333333253 0.13777777777777778 0.05333333333333324 0.05222222222222214
0.06339869281045737 0.06078431372549007 0.06470588235294104 0.06274509803921555 0.06274509803921555 0.06470588235294104 0.06797385620915018 0.06732026143790835 0.11437908496732004 0.06274509803921555 0.06274509803921555 0.05882352941176457 0.06209150326797373 0.06470588235294104 0.06013071895424824
0.0660818713450292 0.08654970760233918 0.05789473684210527 0.05497076023391812 0.0982456140350877 0.06549707602339179 0.05906432748538009 0.05964912280701752 0.0567251461988304 0.07017543859649118 0.05847953216374269 0.057309941520467846 0.05614035087719298 0.09766081871345031 0.05555555555555554
0.061437908496731905 0.062091503267973726 0.06405228758169923 0.062091503267973726 0.09869281045751617 0.0640522875816992 0.06797385620915021 0.0640522875816992 0.06209150326797371 0.07385620915032665 0.062091503267973726 0.0614379084967319 0.0594771241830064 0.07647058823529396 0.06013071895424823
0.06388888888888888 0.06319444444444444 0.06388888888888888 0.06388888888888888 0.10069444444444445 0.06319444444444444 0.06319444444444444 0.06527777777777778 0.06319444444444444 0.06319444444444444 0.0625 0.0625 0.0625 0.0763888888888889 0.0625
0.061375661375661285 0.05978835978835972 0.05291005291005284 0.05449735449735441 0.1941798941798939 0.06507936507936501 0.05608465608465602 0.05449735449735441 0.056084656084655994 0.051322751322751256 0.05291005291005283 0.08941798941798935 0.051851851851851774 0.051851851851851774 0.04814814814814808
0.061437908496731905 0.059477124183006415 0.1503267973856207 0.0594771241830064 0.059477124183006415 0.0640522875816992 0.06013071895424824 0.0594771241830064 0.06013071895424823 0.05882352941176457 0.06666666666666651 0.0594771241830064 0.06013071895424824 0.0594771241830064 0.0614379084967319
0.093827160493827 0.05987654320987645 0.06728395061728384 0.10987654320987637 0.06296296296296286 0.06234567901234556 0.05925925925925915 0.06543209876543198 0.05802469135802457 0.05864197530864187 0.062345679012345556 0.06234567901234556 0.05987654320987642 0.059876543209876426 0.058024691358024585
0.06049382716049371 0.05925925925925915 0.06481481481481469 0.062345679012345556 0.062345679012345556 0.06604938271604925 0.06604938271604928 0.06358024691358014 0.06111111111111099 0.07345679012345668 0.06666666666666655 0.1141975308641974 0.0574074074074073 0.06296296296296285 0.05925925925925915
0.06274509803921555 0.06274509803921555 0.06666666666666654 0.0633986928104574 0.06339869281045739 0.07385620915032666 0.07712418300653581 0.06666666666666653 0.07385620915032665 0.06405228758169922 0.06535947712418286 0.06732026143790835 0.06601307189542471 0.0660130718954247 0.06078431372549007
0.1686274509803919 0.0594771241830064 0.059477124183006415 0.0594771241830064 0.060784313725490056 0.060784313725490056 0.0594771241830064 0.05882352941176457 0.05882352941176457 0.05882352941176457 0.0594771241830064 0.05882352941176457 0.059477124183006415 0.05882352941176457 0.05882352941176457
0.06388888888888888 0.06388888888888888 0.06458333333333334 0.0625 0.06319444444444444 0.08263888888888889 0.07569444444444444 0.06458333333333334 0.06527777777777778 0.06319444444444444 0.06319444444444444 0.06458333333333334 0.0625 0.07708333333333334 0.06319444444444444
0.06319444444444444 0.0625 0.06319444444444444 0.06388888888888888 0.0625 0.07083333333333333 0.09236111111111112 0.06875 0.06388888888888888 0.06319444444444444 0.06388888888888888 0.06527777777777778 0.06319444444444444 0.07083333333333333 0.0625
0.05617283950617273 0.05740740740740729 0.058641975308641854 0.05740740740740729 0.1018518518518517 0.06049382716049372 0.05679012345679001 0.05740740740740729 0.05555555555555545 0.05555555555555545 0.15679012345678991 0.05740740740740729 0.05555555555555545 0.05617283950617273 0.05679012345679001
0.0625 0.0625 0.0625 0.0625 0.0625 0.06388888888888888 0.06319444444444444 0.0625 0.07430555555555556 0.06319444444444444 0.0625 0.0625 0.10902777777777778 0.06388888888888888 0.0625
0.0625 0.0625 0.0625 0.0625 0.0625 0.0625 0.0625 0.0625 0.09305555555555556 0.0625 0.0625 0.0625 0.09444444444444444 0.0625 0.0625
0.06597222222222222 0.06319444444444444 0.06388888888888888 0.06388888888888888 0.06319444444444444 0.06319444444444444 0.10972222222222222 0.06388888888888888 0.06388888888888888 0.06319444444444444 0.0625 0.0625 0.0625 0.06597222222222222 0.0625
0.07407407407407397 0.06358024691358011 0.07345679012345668 0.08888888888888874 0.06172839506172829 0.07407407407407396 0.06172839506172829 0.06728395061728383 0.059876543209876426 0.0641975308641974 0.06172839506172829 0.062345679012345556 0.05987654320987644 0.06543209876543198 0.061728395061728294
0.13040935672514603 0.06666666666666664 0.06491228070175438 0.05847953216374265 0.059649122807017535 0.07660818713450288 0.06081871345029237 0.05964912280701752 0.058479532163742666 0.05730994152046782 0.05847953216374267 0.0590643274853801 0.05789473684210527 0.06900584795321635 0.06257309941520463
0.057142857142857065 0.055555555555555476 0.10634920634920622 0.0597883597883597 0.07830687830687826 0.0703703703703703 0.06031746031746022 0.07037037037037029 0.05502645502645495 0.053439153439153356 0.06560846560846553 0.058201058201058115 0.056084656084656036 0.09894179894179883 0.05449735449735444
0.07200000000000005 0.05022222222222226 0.05244444444444448 0.06088888888888893 0.09288888888888894 0.08755555555555562 0.0595555555555556 0.06888888888888893 0.0466666666666667 0.04888888888888892 0.04755555555555559 0.05600000000000004 0.048000000000000036 0.11466666666666649 0.09377777777777783
0.10493827160493807 0.05802469135802457 0.05925925925925914 0.058024691358024585 0.07839506172839492 0.06111111111111099 0.05679012345679001 0.059876543209876426 0.05617283950617273 0.05740740740740729 0.11913580246913563 0.05740740740740729 0.05802469135802457 0.05925925925925916 0.05617283950617273
0.06078431372549007 0.06535947712418286 0.06535947712418287 0.062091503267973726 0.06078431372549007 0.06274509803921556 0.07189542483660116 0.0660130718954247 0.06013071895424823 0.06013071895424824 0.06013071895424824 0.11764705882352922 0.06013071895424823 0.06470588235294104 0.06209150326797373
0.11777777777777773 0.06055555555555547 0.058888888888888796 0.057222222222222126 0.09388888888888886 0.06611111111111105 0.058333333333333244 0.0666666666666666 0.05499999999999993 0.05611111111111102 0.05611111111111103 0.05666666666666658 0.053333333333333253 0.08833333333333322 0.054999999999999924
0.05449735449735442 0.049735449735449674 0.05026455026455019 0.05714285714285706 0.0756613756613756 0.061904761904761844 0.06560846560846553 0.0592592592592592 0.06084656084656077 0.0761904761904761 0.06666666666666657 0.04973544973544967 0.1328042328042327 0.09047619047619039 0.04920634920634914
0.11728395061728379 0.05740740740740729 0.05925925925925914 0.06234567901234556 0.062345679012345556 0.07901234567901223 0.06975308641975296 0.06481481481481469 0.06296296296296285 0.06049382716049371 0.05802469135802457 0.06296296296296286 0.058024691358024585 0.06666666666666654 0.05864197530864187
0.06388888888888881 0.05111111111111103 0.05611111111111102 0.05611111111111102 0.0549999999999999 0.11999999999999995 0.06611111111111102 0.057222222222222126 0.0549999999999999 0.053888888888888806 0.05444444444444436 0.05888888888888882 0.058333333333333244 0.05499999999999991 0.138888888888889
0.059477124183006415 0.06013071895424824 0.062091503267973726 0.0594771241830064 0.0614379084967319 0.0999999999999998 0.06013071895424823 0.06078431372549008 0.0614379084967319 0.06078431372549007 0.11503267973856184 0.06013071895424824 0.05882352941176457 0.06078431372549007 0.059477124183006415
0.053535353535353554 0.05606060606060608 0.06313131313131318 0.06363636363636367 0.07474747474747485 0.06868686868686875 0.07979797979797988 0.05959595959595963 0.05303030303030306 0.053535353535353575 0.06616161616161624 0.052020202020202036 0.07272727272727278 0.13383838383838392 0.04949494949494949
0.062091503267973726 0.06535947712418289 0.06405228758169922 0.06339869281045737 0.06535947712418287 0.09281045751633973 0.06601307189542473 0.06405228758169922 0.0640522875816992 0.07058823529411752 0.06339869281045739 0.06339869281045737 0.0640522875816992 0.06862745098039202 0.06274509803921555
0.05497076023391812 0.05730994152046782 0.055555555555555546 0.05555555555555554 0.20175438596491233 0.05730994152046782 0.057309941520467866 0.05789473684210524 0.05497076023391812 0.07543859649122803 0.05555555555555554 0.0543859649122807 0.05497076023391814 0.05321637426900584 0.053801169590643266
0.06319444444444444 0.06388888888888888 0.06319444444444444 0.06319444444444444 0.06319444444444444 0.07013888888888889 0.09375 0.06736111111111111 0.06319444444444444 0.0625 0.0625 0.06666666666666667 0.0625 0.07152777777777777 0.06319444444444444
0.06805555555555555 0.06805555555555555 0.07430555555555556 0.06388888888888888 0.06527777777777778 0.07222222222222222 0.06944444444444445 0.06736111111111111 0.06388888888888888 0.06527777777777778 0.06388888888888888 0.06597222222222222 0.06388888888888888 0.06597222222222222 0.0625
0.06736111111111111 0.07222222222222222 0.06666666666666667 0.06597222222222222 0.06527777777777778 0.06597222222222222 0.06597222222222222 0.07083333333333333 0.06458333333333334 0.06666666666666667 0.06388888888888888 0.06458333333333334 0.06388888888888888 0.06875 0.06736111111111111
0.05925925925925918 0.05661375661375654 0.053968253968253894 0.052910052910052824 0.056084656084655994 0.06560846560846549 0.06507936507936503 0.06719576719576711 0.10264550264550258 0.055555555555555476 0.05873015873015863 0.06772486772486765 0.12910052910052897 0.057671957671957576 0.05185185185185177
0.11307189542483642 0.062091503267973726 0.06666666666666653 0.072549019607843 0.06274509803921556 0.0640522875816992 0.06339869281045739 0.062091503267973726 0.0614379084967319 0.06470588235294103 0.06470588235294104 0.06078431372549007 0.06013071895424823 0.06209150326797373 0.059477124183006415
0.06666666666666653 0.06601307189542469 0.07320261437908483 0.06601307189542471 0.06732026143790837 0.06862745098039204 0.06797385620915018 0.07320261437908483 0.06732026143790835 0.062091503267973726 0.06405228758169922 0.06732026143790837 0.06274509803921555 0.06666666666666654 0.06078431372549007
0.12156862745098014 0.06013071895424824 0.06732026143790835 0.061437908496731905 0.07320261437908483 0.06078431372549007 0.06013071895424823 0.06339869281045737 0.06078431372549007 0.06339869281045737 0.0660130718954247 0.062091503267973726 0.06013071895424823 0.06013071895424824 0.0594771241830064
0.11419753086419732 0.0679012345679011 0.06604938271604927 0.06851851851851841 0.061728395061728274 0.06543209876543198 0.0604938271604937 0.06666666666666655 0.058024691358024585 0.06543209876543198 0.05925925925925915 0.05987654320987644 0.059876543209876426 0.06296296296296286 0.06358024691358014
0.042592592592592536 0.04212962962962958 0.04259259259259254 0.04259259259259253 0.042129629629629566 0.041666666666666616 0.04212962962962957 0.043518518518518456 0.041666666666666616 0.04212962962962958 0.041666666666666616 0.04212962962962958 0.042592592592592536 0.04259259259259253 0.4078703703703705
0.06470588235294104 0.06470588235294104 0.06601307189542471 0.06535947712418287 0.0660130718954247 0.06666666666666654 0.06535947712418287 0.06470588235294103 0.06928104575163382 0.06339869281045739 0.062091503267973726 0.06535947712418287 0.07973856209150312 0.06601307189542471 0.07058823529411751
0.05217391304347836 0.05362318840579718 0.07729468599033826 0.1135265700483093 0.06038647342995178 0.061352657004831015 0.052173913043478334 0.053140096618357564 0.04879227053140105 0.05265700483091797 0.061352657004831 0.060869565217391425 0.05120772946859911 0.05362318840579718 0.1478260869565217
0.0527777777777777 0.05055555555555547 0.07666666666666656 0.05111111111111103 0.05111111111111103 0.05444444444444435 0.05111111111111103 0.05277777777777769 0.05166666666666658 0.04999999999999991 0.05666666666666658 0.05166666666666658 0.05055555555555547 0.05055555555555547 0.24833333333333332
0.05291005291005283 0.05132275132275125 0.05291005291005283 0.1978835978835976 0.05026455026455019 0.05502645502645494 0.06296296296296287 0.052910052910052824 0.05291005291005283 0.050264550264550185 0.053439153439153356 0.05238095238095229 0.07301587301587292 0.051851851851851795 0.08994708994708986
0.05617283950617273 0.05555555555555545 0.05679012345679001 0.0975308641975307 0.05617283950617273 0.058024691358024585 0.05925925925925915 0.05740740740740729 0.09382716049382707 0.059876543209876426 0.05617283950617273 0.05740740740740729 0.12283950617283937 0.05617283950617273 0.05679012345679001
0.0625 0.06319444444444444 0.0625 0.0625 0.06319444444444444 0.06388888888888888 0.0625 0.06388888888888888 0.06597222222222222 0.08541666666666667 0.06319444444444444 0.0625 0.09236111111111112 0.0625 0.06388888888888888
0.0594771241830064 0.06013071895424824 0.0594771241830064 0.061437908496731884 0.13856209150326773 0.06013071895424824 0.06078431372549007 0.0640522875816992 0.062091503267973726 0.06078431372549007 0.06078431372549007 0.05882352941176457 0.06013071895424824 0.07385620915032669 0.0594771241830064
0.05722222222222214 0.05388888888888881 0.0538888888888888 0.10666666666666659 0.061666666666666564 0.056666666666666574 0.055555555555555476 0.05444444444444438 0.058888888888888796 0.09888888888888886 0.11611111111111107 0.05277777777777769 0.06833333333333323 0.0549999999999999 0.04999999999999991
0.06049382716049371 0.06049382716049371 0.06234567901234556 0.06851851851851841 0.06358024691358014 0.0641975308641974 0.07407407407407395 0.06296296296296286 0.06851851851851841 0.06419753086419742 0.08580246913580233 0.06172839506172829 0.07901234567901223 0.06666666666666655 0.0574074074074073
0.05679012345679001 0.05617283950617273 0.12469135802469115 0.07037037037037024 0.05617283950617273 0.058024691358024585 0.05987654320987642 0.05740740740740729 0.06049382716049373 0.05864197530864187 0.11296296296296278 0.058641975308641854 0.0574074074074073 0.05679012345679001 0.05555555555555545
0.0625 0.06319444444444444 0.06388888888888888 0.06319444444444444 0.0625 0.06527777777777778 0.07222222222222222 0.09305555555555556 0.0625 0.0625 0.06319444444444444 0.07569444444444444 0.06388888888888888 0.06388888888888888 0.0625
0.05555555555555545 0.05617283950617273 0.05740740740740729 0.16296296296296273 0.05555555555555545 0.05555555555555545 0.05617283950617273 0.05740740740740729 0.07098765432098754 0.058641975308641854 0.05555555555555545 0.05555555555555545 0.08950617283950602 0.05679012345679001 0.05617283950617273
0.0538888888888888 0.0577777777777777 0.05499999999999991 0.05833333333333324 0.05499999999999991 0.05444444444444436 0.07166666666666657 0.07222222222222216 0.0638888888888888 0.09833333333333319 0.1044444444444444 0.05944444444444435 0.08277777777777769 0.061111111111111005 0.05166666666666659
0.05265700483091795 0.05507246376811602 0.06473429951690833 0.0710144927536233 0.05990338164251217 0.058454106280193326 0.0961352657004831 0.10483091787439622 0.05458937198067641 0.0714975845410629 0.07101449275362329 0.05748792270531411 0.07584541062801942 0.05845410628019332 0.04830917874396144
0.06722222222222213 0.1405555555555555 0.05444444444444436 0.05722222222222215 0.058333333333333244 0.06722222222222214 0.05833333333333324 0.06222222222222213 0.05944444444444435 0.05666666666666658 0.06722222222222213 0.05555555555555548 0.08555555555555543 0.05666666666666658 0.05333333333333324
0.06013071895424823 0.06274509803921555 0.0640522875816992 0.0640522875816992 0.10065359477124167 0.06470588235294106 0.06339869281045739 0.06078431372549007 0.0614379084967319 0.07581699346405213 0.06405228758169922 0.06797385620915018 0.0640522875816992 0.06405228758169922 0.06209150326797373
0.0594771241830064 0.0614379084967319 0.0594771241830064 0.06013071895424824 0.14640522875816966 0.06078431372549007 0.0594771241830064 0.06013071895424823 0.06013071895424824 0.0614379084967319 0.06013071895424824 0.05882352941176457 0.05882352941176457 0.07320261437908486 0.06013071895424824
0.058024691358024585 0.06234567901234558 0.062345679012345556 0.06296296296296286 0.11728395061728379 0.07037037037037026 0.06358024691358014 0.06913580246913567 0.06358024691358014 0.05802469135802457 0.06049382716049371 0.06111111111111099 0.06234567901234556 0.06604938271604924 0.06234567901234558
0.05882352941176457 0.05882352941176457 0.05882352941176457 0.05882352941176457 0.05882352941176457 0.0594771241830064 0.05882352941176457 0.05882352941176457 0.05882352941176457 0.05882352941176457 0.17450980392156837 0.05882352941176457 0.05882352941176457 0.05882352941176457 0.06013071895424824
0.05802469135802459 0.05679012345679001 0.06049382716049371 0.061728395061728294 0.05617283950617273 0.06358024691358014 0.05740740740740729 0.06049382716049371 0.05802469135802457 0.062345679012345556 0.05679012345679001 0.1716049382716047 0.05617283950617273 0.058024691358024585 0.06234567901234556
0.06736111111111111 0.06666666666666667 0.07222222222222222 0.06527777777777778 0.06458333333333334 0.06666666666666667 0.06666666666666667 0.06527777777777778 0.06944444444444445 0.06597222222222222 0.06666666666666667 0.06666666666666667 0.06458333333333334 0.06736111111111111 0.06458333333333334
0.051851851851851774 0.057142857142857065 0.05661375661375654 0.05343915343915337 0.05185185185185179 0.06402116402116394 0.05661375661375653 0.09470899470899463 0.059259259259259164 0.07513227513227509 0.06243386243386234 0.06190476190476181 0.10105820105820097 0.05502645502645495 0.0989417989417988
0.06013071895424824 0.06013071895424824 0.06013071895424823 0.06013071895424824 0.06013071895424824 0.0614379084967319 0.06209150326797371 0.0614379084967319 0.06078431372549007 0.06078431372549007 0.09738562091503249 0.11699346405228735 0.059477124183006415 0.0594771241830064 0.0594771241830064
0.06666666666666655 0.06975308641975297 0.06790123456790112 0.0679012345679011 0.05987654320987644 0.06358024691358011 0.0722222222222221 0.09197530864197521 0.06604938271604928 0.059876543209876426 0.061728395061728274 0.06666666666666655 0.062345679012345556 0.061728395061728294 0.061728395061728274
0.06470588235294103 0.06535947712418289 0.06013071895424824 0.06339869281045737 0.06078431372549007 0.11895424836601284 0.06470588235294104 0.06274509803921556 0.06405228758169922 0.06078431372549008 0.062091503267973726 0.06797385620915018 0.059477124183006415 0.0633986928104574 0.0614379084967319
0.06597222222222222 0.06527777777777778 0.06666666666666667 0.06736111111111111 0.06319444444444444 0.06458333333333334 0.06527777777777778 0.07222222222222222 0.06388888888888888 0.06805555555555555 0.06319444444444444 0.075 0.06319444444444444 0.07083333333333333 0.06527777777777778
0.06209150326797373 0.060784313725490056 0.062091503267973726 0.061437908496731905 0.061437908496731884 0.08627450980392141 0.08496732026143777 0.06405228758169922 0.06274509803921555 0.062091503267973726 0.062091503267973726 0.06470588235294104 0.06078431372549007 0.08235294117647045 0.062091503267973726
0.0426666666666667 0.04266666666666669 0.04266666666666669 0.04311111111111114 0.08800000000000006 0.04133333333333336 0.04088888888888891 0.04222222222222225 0.124 0.143111111111111 0.17288888888888893 0.04044444444444447 0.05333333333333337 0.0417777777777778 0.04088888888888891
0.06388888888888888 0.06319444444444444 0.06666666666666667 0.06527777777777778 0.07361111111111111 0.06875 0.06458333333333334 0.06666666666666667 0.08055555555555556 0.06319444444444444 0.06736111111111111 0.06597222222222222 0.06319444444444444 0.06388888888888888 0.06319444444444444
0.05925925925925916 0.05802469135802457 0.06049382716049372 0.05802469135802457 0.15555555555555528 0.05925925925925915 0.0574074074074073 0.05925925925925915 0.06234567901234556 0.05987654320987642 0.06790123456790112 0.05802469135802457 0.05679012345679001 0.07160493827160484 0.05617283950617273
0.06458333333333334 0.06527777777777778 0.06458333333333334 0.06388888888888888 0.08194444444444444 0.06458333333333334 0.06736111111111111 0.06736111111111111 0.06736111111111111 0.06666666666666667 0.06388888888888888 0.06944444444444445 0.06527777777777778 0.06527777777777778 0.0625
0.0614379084967319 0.059477124183006415 0.0594771241830064 0.0614379084967319 0.09281045751633968 0.07450980392156852 0.0777777777777776 0.06535947712418287 0.062091503267973726 0.059477124183006415 0.05882352941176457 0.0614379084967319 0.06013071895424823 0.08692810457516323 0.05882352941176457
0.0684444444444445 0.2546666666666665 0.04755555555555559 0.0466666666666667 0.04311111111111114 0.046222222222222255 0.08222222222222227 0.045333333333333364 0.04844444444444447 0.08800000000000006 0.04355555555555559 0.04533333333333335 0.04755555555555559 0.0506666666666667 0.04222222222222225
0.0614379084967319 0.060784313725490056 0.06405228758169922 0.06209150326797371 0.062091503267973726 0.08235294117647042 0.062091503267973726 0.06274509803921555 0.0614379084967319 0.11699346405228735 0.0614379084967319 0.06078431372549008 0.06013071895424824 0.0614379084967319 0.06013071895424824
0.06458333333333334 0.07291666666666667 0.06597222222222222 0.06875 0.06388888888888888 0.06736111111111111 0.06597222222222222 0.06597222222222222 0.06527777777777778 0.06597222222222222 0.06458333333333334 0.06805555555555555 0.06388888888888888 0.07013888888888889 0.06666666666666667
0.062345679012345556 0.05925925925925915 0.06296296296296286 0.06666666666666654 0.05987654320987644 0.0685185185185184 0.0907407407407406 0.06728395061728384 0.06296296296296285 0.061111111111111005 0.06790123456790108 0.06419753086419741 0.08209876543209862 0.0641975308641974 0.059876543209876426
0.06527777777777778 0.06597222222222222 0.06388888888888888 0.0763888888888889 0.06458333333333334 0.06805555555555555 0.07152777777777777 0.06736111111111111 0.06458333333333334 0.06527777777777778 0.06527777777777778 0.06944444444444445 0.0625 0.06597222222222222 0.06388888888888888
0.06875 0.06666666666666667 0.07013888888888889 0.06597222222222222 0.06388888888888888 0.06944444444444445 0.06666666666666667 0.06666666666666667 0.07013888888888889 0.06527777777777778 0.06736111111111111 0.06736111111111111 0.06319444444444444 0.06388888888888888 0.06458333333333334
0.06805555555555555 0.06736111111111111 0.06805555555555555 0.06527777777777778 0.06736111111111111 0.07013888888888889 0.06597222222222222 0.06805555555555555 0.06736111111111111 0.06597222222222222 0.06597222222222222 0.06666666666666667 0.06458333333333334 0.06458333333333334 0.06458333333333334
0.06666666666666655 0.06543209876543199 0.06543209876543199 0.06049382716049372 0.06728395061728383 0.06358024691358011 0.09814814814814797 0.07037037037037026 0.061111111111111005 0.05802469135802457 0.061111111111111005 0.0685185185185184 0.06296296296296286 0.06728395061728384 0.06358024691358014
0.05611111111111102 0.05111111111111102 0.057222222222222126 0.05111111111111103 0.1883333333333333 0.05944444444444436 0.061666666666666585 0.06444444444444436 0.05611111111111102 0.061666666666666564 0.055555555555555476 0.06333333333333326 0.05388888888888881 0.06722222222222216 0.0527777777777777
0.058024691358024585 0.05679012345679001 0.05925925925925915 0.061728395061728274 0.05679012345679001 0.06666666666666653 0.07283950617283938 0.08333333333333323 0.05740740740740729 0.05864197530864187 0.058641975308641854 0.13518518518518496 0.059876543209876426 0.058024691358024585 0.05679012345679001
0.060784313725490056 0.062091503267973726 0.060784313725490056 0.06274509803921555 0.062091503267973726 0.062091503267973726 0.0614379084967319 0.0614379084967319 0.07058823529411751 0.06535947712418289 0.06470588235294104 0.06601307189542473 0.07843137254901945 0.06274509803921555 0.09869281045751617
0.06597222222222222 0.06458333333333334 0.06458333333333334 0.06736111111111111 0.07222222222222222 0.06875 0.06597222222222222 0.06666666666666667 0.06597222222222222 0.06736111111111111 0.06458333333333334 0.06597222222222222 0.06458333333333334 0.07013888888888889 0.06527777777777778
0.06527777777777778 0.06319444444444444 0.06388888888888888 0.06319444444444444 0.06319444444444444 0.06458333333333334 0.06458333333333334 0.10277777777777777 0.06458333333333334 0.06319444444444444 0.0625 0.06458333333333334 0.0625 0.06805555555555555 0.06388888888888888
0.06319444444444444 0.06527777777777778 0.06319444444444444 0.06527777777777778 0.06319444444444444 0.06527777777777778 0.06458333333333334 0.06527777777777778 0.06319444444444444 0.0625 0.06319444444444444 0.06597222222222222 0.06319444444444444 0.06319444444444444 0.10347222222222222
0.061728395061728274 0.061111111111111005 0.06666666666666655 0.05864197530864187 0.10185185185185175 0.07283950617283938 0.0648148148148147 0.07469135802469123 0.05925925925925915 0.06358024691358014 0.05925925925925915 0.06543209876543199 0.06296296296296286 0.06604938271604928 0.061111111111111005
0.06736111111111111 0.06666666666666667 0.06875 0.06527777777777778 0.06666666666666667 0.07291666666666667 0.06944444444444445 0.06736111111111111 0.06736111111111111 0.06458333333333334 0.06388888888888888 0.06597222222222222 0.06319444444444444 0.06666666666666667 0.06388888888888888
0.058080808080808136 0.05454545454545458 0.058585858585858616 0.05252525252525253 0.054040404040404076 0.08686868686868694 0.05959595959595966 0.10404040404040406 0.0777777777777778 0.06464646464646467 0.05505050505050508 0.06464646464646472 0.0838383838383839 0.06313131313131319 0.0626262626262627
0.06555555555555546 0.06555555555555546 0.06777777777777769 0.06222222222222213 0.05777777777777767 0.09166666666666659 0.06833333333333325 0.07499999999999993 0.07666666666666656 0.05944444444444434 0.05999999999999991 0.0688888888888888 0.06277777777777768 0.05944444444444435 0.058888888888888796
0.0640522875816992 0.12287581699346381 0.06078431372549007 0.06601307189542469 0.06274509803921555 0.06405228758169922 0.06274509803921556 0.06013071895424824 0.0614379084967319 0.06274509803921556 0.062091503267973726 0.062091503267973726 0.06274509803921555 0.0614379084967319 0.06405228758169923
