0.09523809523809523 0.11904761904761904 0.11904761904761904 0.07142857142857142 0.09523809523809523 0.047619047619047616 0.047619047619047616 0.047619047619047616 0.047619047619047616 0.047619047619047616 0.047619047619047616 0.047619047619047616 0.047619047619047616 0.047619047619047616 0.07142857142857142
0.0625 0.0625 0.0625 0.0625 0.0625 0.0625 0.0625 0.09375 0.0625 0.0625 0.0625 0.0625 0.0625 0.09375 0.0625
0.05 0.05 0.05 0.05 0.05 0.1 0.05 0.07500000000000001 0.1 0.05 0.05 0.05 0.05 0.05 0.175
0.058823529411764705 0.058823529411764705 0.058823529411764705 0.058823529411764705 0.058823529411764705 0.058823529411764705 0.058823529411764705 0.08823529411764705 0.058823529411764705 0.11764705882352941 0.058823529411764705 0.058823529411764705 0.058823529411764705 0.058823529411764705 0.08823529411764705
0.0625 0.0625 0.09375 0.0625 0.09375 0.0625 0.0625 0.0625 0.0625 0.0625 0.0625 0.0625 0.0625 0.0625 0.0625
0.0625 0.0625 0.0625 0.0625 0.0625 0.0625 0.0625 0.0625 0.09375 0.0625 0.0625 0.0625 0.0625 0.0625 0.09375
0.0625 0.0625 0.0625 0.09375 0.0625 0.0625 0.0625 0.0625 0.0625 0.0625 0.0625 0.0625 0.09375 0.0625 0.0625
0.047619047619047616 0.047619047619047616 0.07142857142857142 0.07142857142857142 0.09523809523809523 0.09523809523809523 0.11904761904761904 0.07142857142857142 0.047619047619047616 0.07142857142857142 0.047619047619047616 0.047619047619047616 0.07142857142857142 0.047619047619047616 0.047619047619047616
0.058823529411764705 0.08823529411764705 0.058823529411764705 0.08823529411764705 0.058823529411764705 0.058823529411764705 0.058823529411764705 0.058823529411764705 0.058823529411764705 0.08823529411764705 0.058823529411764705 0.08823529411764705 0.058823529411764705 0.058823529411764705 0.058823529411764705
0.0625 0.0625 0.0625 0.0625 0.0625 0.0625 0.0625 0.0625 0.0625 0.0625 0.125 0.0625 0.0625 0.0625 0.0625
0.0625 0.09375 0.0625 0.0625 0.0625 0.0625 0.0625 0.0625 0.0625 0.09375 0.0625 0.0625 0.0625 0.0625 0.0625
0.05 0.15000000000000002 0.05 0.07500000000000001 0.1 0.05 0.05 0.05 0.07500000000000001 0.1 0.05 0.05 0.05 0.05 0.05
0.0625 0.0625 0.0625 0.0625 0.0625 0.09375 0.0625 0.0625 0.0625 0.0625 0.0625 0.0625 0.0625 0.09375 0.0625
0.05555555555555555 0.05555555555555555 0.05555555555555555 0.1388888888888889 0.05555555555555555 0.05555555555555555 0.05555555555555555 0.08333333333333333 0.05555555555555555 0.08333333333333333 0.08333333333333333 0.05555555555555555 0.05555555555555555 0.05555555555555555 0.05555555555555555
0.06521739130434782 0.043478260869565216 0.043478260869565216 0.10869565217391304 0.10869565217391304 0.043478260869565216 0.043478260869565216 0.043478260869565216 0.10869565217391304 0.043478260869565216 0.08695652173913043 0.06521739130434782 0.043478260869565216 0.06521739130434782 0.08695652173913043
0.0625 0.0625 0.09375 0.09375 0.0625 0.0625 0.0625 0.0625 0.0625 0.0625 0.0625 0.0625 0.0625 0.0625 0.0625
0.045454545454545456 0.09090909090909091 0.06818181818181818 0.045454545454545456 0.06818181818181818 0.06818181818181818 0.045454545454545456 0.045454545454545456 0.06818181818181818 0.06818181818181818 0.13636363636363635 0.06818181818181818 0.06818181818181818 0.045454545454545456 0.06818181818181818
0.10344827586206896 0.05172413793103448 0.08620689655172414 0.06896551724137931 0.05172413793103448 0.034482758620689655 0.10344827586206896 0.034482758620689655 0.06896551724137931 0.034482758620689655 0.06896551724137931 0.08620689655172414 0.08620689655172414 0.08620689655172414 0.034482758620689655
0.05263157894736842 0.07894736842105263 0.07894736842105263 0.05263157894736842 0.05263157894736842 0.05263157894736842 0.07894736842105263 0.05263157894736842 0.05263157894736842 0.10526315789473684 0.05263157894736842 0.05263157894736842 0.05263157894736842 0.10526315789473684 0.07894736842105263
0.10526315789473684 0.05263157894736842 0.05263157894736842 0.07894736842105263 0.07894736842105263 0.05263157894736842 0.07894736842105263 0.05263157894736842 0.07894736842105263 0.10526315789473684 0.05263157894736842 0.05263157894736842 0.05263157894736842 0.05263157894736842 0.05263157894736842
0.08333333333333333 0.08333333333333333 0.05555555555555555 0.05555555555555555 0.05555555555555555 0.05555555555555555 0.05555555555555555 0.08333333333333333 0.05555555555555555 0.05555555555555555 0.1111111111111111 0.05555555555555555 0.05555555555555555 0.08333333333333333 0.05555555555555555
0.0625 0.0625 0.0625 0.0625 0.0625 0.0625 0.0625 0.0625 0.09375 0.09375 0.0625 0.0625 0.0625 0.0625 0.0625
0.05263157894736842 0.05263157894736842 0.05263157894736842 0.10526315789473684 0.05263157894736842 0.05263157894736842 0.10526315789473684 0.05263157894736842 0.05263157894736842 0.07894736842105263 0.07894736842105263 0.05263157894736842 0.05263157894736842 0.07894736842105263 0.07894736842105263
0.07894736842105263 0.05263157894736842 0.07894736842105263 0.07894736842105263 0.05263157894736842 0.05263157894736842 0.13157894736842105 0.05263157894736842 0.05263157894736842 0.07894736842105263 0.05263157894736842 0.05263157894736842 0.05263157894736842 0.07894736842105263 0.05263157894736842
0.05555555555555555 0.08333333333333333 0.05555555555555555 0.1111111111111111 0.08333333333333333 0.05555555555555555 0.08333333333333333 0.05555555555555555 0.05555555555555555 0.05555555555555555 0.05555555555555555 0.05555555555555555 0.05555555555555555 0.05555555555555555 0.08333333333333333
0.07894736842105263 0.07894736842105263 0.05263157894736842 0.07894736842105263 0.05263157894736842 0.05263157894736842 0.05263157894736842 0.05263157894736842 0.07894736842105263 0.07894736842105263 0.10526315789473684 0.07894736842105263 0.05263157894736842 0.05263157894736842 0.05263157894736842
0.0625 0.0625 0.0625 0.0625 0.0625 0.0625 0.0625 0.09375 0.0625 0.0625 0.0625 0.09375 0.0625 0.0625 0.0625
0.0625 0.0625 0.0625 0.0625 0.0625 0.0625 0.0625 0.0625 0.09375 0.09375 0.0625 0.0625 0.0625 0.0625 0.0625
0.058823529411764705 0.058823529411764705 0.08823529411764705 0.058823529411764705 0.058823529411764705 0.058823529411764705 0.08823529411764705 0.058823529411764705 0.058823529411764705 0.08823529411764705 0.058823529411764705 0.058823529411764705 0.08823529411764705 0.058823529411764705 0.058823529411764705
0.058823529411764705 0.08823529411764705 0.08823529411764705 0.058823529411764705 0.058823529411764705 0.058823529411764705 0.058823529411764705 0.058823529411764705 0.058823529411764705 0.08823529411764705 0.058823529411764705 0.08823529411764705 0.058823529411764705 0.058823529411764705 0.058823529411764705
0.07142857142857142 0.047619047619047616 0.047619047619047616 0.047619047619047616 0.047619047619047616 0.07142857142857142 0.047619047619047616 0.047619047619047616 0.07142857142857142 0.11904761904761904 0.047619047619047616 0.07142857142857142 0.09523809523809523 0.09523809523809523 0.07142857142857142
0.0625 0.0625 0.09375 0.0625 0.0625 0.0625 0.0625 0.0625 0.0625 0.09375 0.0625 0.0625 0.0625 0.0625 0.0625
0.05263157894736842 0.07894736842105263 0.05263157894736842 0.05263157894736842 0.05263157894736842 0.05263157894736842 0.13157894736842105 0.05263157894736842 0.05263157894736842 0.05263157894736842 0.05263157894736842 0.10526315789473684 0.05263157894736842 0.07894736842105263 0.07894736842105263
0.058823529411764705 0.058823529411764705 0.058823529411764705 0.058823529411764705 0.058823529411764705 0.058823529411764705 0.058823529411764705 0.08823529411764705 0.058823529411764705 0.08823529411764705 0.058823529411764705 0.058823529411764705 0.11764705882352941 0.058823529411764705 0.058823529411764705
0.058823529411764705 0.058823529411764705 0.058823529411764705 0.11764705882352941 0.058823529411764705 0.08823529411764705 0.058823529411764705 0.058823529411764705 0.058823529411764705 0.058823529411764705 0.058823529411764705 0.058823529411764705 0.058823529411764705 0.058823529411764705 0.08823529411764705
0.06818181818181818 0.045454545454545456 0.045454545454545456 0.045454545454545456 0.045454545454545456 0.045454545454545456 0.18181818181818182 0.06818181818181818 0.045454545454545456 0.06818181818181818 0.09090909090909091 0.045454545454545456 0.06818181818181818 0.06818181818181818 0.06818181818181818
0.058823529411764705 0.058823529411764705 0.058823529411764705 0.058823529411764705 0.058823529411764705 0.058823529411764705 0.08823529411764705 0.058823529411764705 0.058823529411764705 0.058823529411764705 0.14705882352941177 0.058823529411764705 0.058823529411764705 0.058823529411764705 0.058823529411764705
0.05555555555555555 0.05555555555555555 0.05555555555555555 0.05555555555555555 0.1111111111111111 0.05555555555555555 0.1111111111111111 0.05555555555555555 0.08333333333333333 0.05555555555555555 0.08333333333333333 0.05555555555555555 0.05555555555555555 0.05555555555555555 0.05555555555555555
0.05 0.05 0.07500000000000001 0.05 0.05 0.05 0.15 0.05 0.05 0.05 0.05 0.15 0.05 0.07500000000000001 0.05
0.06944444444444445 0.027777777777777776 0.09722222222222221 0.1527777777777778 0.05555555555555555 0.05555555555555555 0.1388888888888889 0.027777777777777776 0.041666666666666664 0.041666666666666664 0.05555555555555555 0.05555555555555555 0.08333333333333333 0.027777777777777776 0.06944444444444445
0.13333333333333333 0.06666666666666667 0.05 0.03333333333333333 0.03333333333333333 0.03333333333333333 0.13333333333333333 0.03333333333333333 0.08333333333333333 0.05 0.06666666666666667 0.15 0.03333333333333333 0.05 0.05
0.07692307692307693 0.057692307692307696 0.11538461538461539 0.09615384615384616 0.057692307692307696 0.038461538461538464 0.13461538461538464 0.057692307692307696 0.057692307692307696 0.038461538461538464 0.07692307692307693 0.038461538461538464 0.038461538461538464 0.057692307692307696 0.057692307692307696
0.05555555555555555 0.1111111111111111 0.05555555555555555 0.05555555555555555 0.05555555555555555 0.05555555555555555 0.05555555555555555 0.1111111111111111 0.05555555555555555 0.05555555555555555 0.05555555555555555 0.05555555555555555 0.08333333333333333 0.05555555555555555 0.08333333333333333
0.05 0.05 0.05 0.05 0.05 0.05 0.125 0.07500000000000001 0.1 0.1 0.05 0.07500000000000001 0.07500000000000001 0.05 0.05
0.05555555555555555 0.05555555555555555 0.05555555555555555 0.05555555555555555 0.05555555555555555 0.1111111111111111 0.08333333333333333 0.05555555555555555 0.05555555555555555 0.08333333333333333 0.05555555555555555 0.08333333333333333 0.05555555555555555 0.05555555555555555 0.08333333333333333
0.058823529411764705 0.058823529411764705 0.058823529411764705 0.058823529411764705 0.058823529411764705 0.058823529411764705 0.058823529411764705 0.058823529411764705 0.058823529411764705 0.11764705882352941 0.058823529411764705 0.11764705882352941 0.058823529411764705 0.058823529411764705 0.058823529411764705
0.05555555555555555 0.08333333333333333 0.05555555555555555 0.05555555555555555 0.05555555555555555 0.08333333333333333 0.05555555555555555 0.08333333333333333 0.1111111111111111 0.08333333333333333 0.05555555555555555 0.05555555555555555 0.05555555555555555 0.05555555555555555 0.05555555555555555
0.05263157894736842 0.05263157894736842 0.07894736842105263 0.05263157894736842 0.05263157894736842 0.05263157894736842 0.13157894736842105 0.05263157894736842 0.10526315789473684 0.05263157894736842 0.05263157894736842 0.05263157894736842 0.07894736842105263 0.07894736842105263 0.05263157894736842
0.058823529411764705 0.08823529411764705 0.058823529411764705 0.08823529411764705 0.058823529411764705 0.058823529411764705 0.058823529411764705 0.058823529411764705 0.058823529411764705 0.08823529411764705 0.058823529411764705 0.058823529411764705 0.058823529411764705 0.058823529411764705 0.08823529411764705
0.05263157894736842 0.07894736842105263 0.05263157894736842 0.07894736842105263 0.05263157894736842 0.05263157894736842 0.10526315789473684 0.07894736842105263 0.07894736842105263 0.05263157894736842 0.10526315789473684 0.05263157894736842 0.05263157894736842 0.05263157894736842 0.05263157894736842
0.0625 0.09375 0.0625 0.0625 0.0625 0.0625 0.0625 0.0625 0.0625 0.0625 0.0625 0.0625 0.0625 0.0625 0.09375
0.047619047619047616 0.07142857142857142 0.047619047619047616 0.11904761904761904 0.047619047619047616 0.047619047619047616 0.09523809523809523 0.07142857142857142 0.07142857142857142 0.047619047619047616 0.047619047619047616 0.11904761904761904 0.047619047619047616 0.047619047619047616 0.07142857142857142
0.058823529411764705 0.058823529411764705 0.058823529411764705 0.08823529411764705 0.058823529411764705 0.058823529411764705 0.08823529411764705 0.058823529411764705 0.058823529411764705 0.11764705882352941 0.058823529411764705 0.058823529411764705 0.058823529411764705 0.058823529411764705 0.058823529411764705
0.06521739130434782 0.06521739130434782 0.043478260869565216 0.08695652173913043 0.08695652173913043 0.043478260869565216 0.13043478260869565 0.06521739130434782 0.043478260869565216 0.043478260869565216 0.043478260869565216 0.08695652173913043 0.06521739130434782 0.043478260869565216 0.08695652173913043
0.05263157894736842 0.05263157894736842 0.10526315789473684 0.10526315789473684 0.07894736842105263 0.05263157894736842 0.13157894736842105 0.05263157894736842 0.05263157894736842 0.05263157894736842 0.05263157894736842 0.05263157894736842 0.05263157894736842 0.05263157894736842 0.05263157894736842
0.08823529411764705 0.058823529411764705 0.058823529411764705 0.058823529411764705 0.058823529411764705 0.058823529411764705 0.11764705882352941 0.058823529411764705 0.058823529411764705 0.058823529411764705 0.058823529411764705 0.058823529411764705 0.058823529411764705 0.058823529411764705 0.08823529411764705
0.08333333333333333 0.05555555555555555 0.08333333333333333 0.05555555555555555 0.05555555555555555 0.05555555555555555 0.08333333333333333 0.05555555555555555 0.05555555555555555 0.1111111111111111 0.08333333333333333 0.05555555555555555 0.05555555555555555 0.05555555555555555 0.05555555555555555
0.05555555555555555 0.08333333333333333 0.05555555555555555 0.08333333333333333 0.05555555555555555 0.05555555555555555 0.08333333333333333 0.05555555555555555 0.05555555555555555 0.08333333333333333 0.05555555555555555 0.08333333333333333 0.05555555555555555 0.08333333333333333 0.05555555555555555
0.05 0.15000000000000002 0.07500000000000001 0.125 0.05 0.05 0.05 0.05 0.05 0.05 0.07500000000000001 0.05 0.05 0.07500000000000001 0.05
0.05 0.1 0.05 0.07500000000000001 0.05 0.05 0.125 0.05 0.05 0.05 0.05 0.05 0.07500000000000001 0.07500000000000001 0.1
0.13636363636363635 0.06818181818181818 0.06818181818181818 0.045454545454545456 0.06818181818181818 0.06818181818181818 0.045454545454545456 0.06818181818181818 0.06818181818181818 0.06818181818181818 0.09090909090909091 0.045454545454545456 0.045454545454545456 0.045454545454545456 0.06818181818181818
0.10416666666666666 0.08333333333333333 0.0625 0.0625 0.041666666666666664 0.041666666666666664 0.125 0.10416666666666666 0.041666666666666664 0.0625 0.041666666666666664 0.041666666666666664 0.041666666666666664 0.08333333333333333 0.0625
0.058823529411764705 0.058823529411764705 0.058823529411764705 0.058823529411764705 0.058823529411764705 0.058823529411764705 0.058823529411764705 0.058823529411764705 0.08823529411764705 0.058823529411764705 0.11764705882352941 0.058823529411764705 0.058823529411764705 0.08823529411764705 0.058823529411764705
0.043478260869565216 0.043478260869565216 0.043478260869565216 0.08695652173913043 0.08695652173913043 0.06521739130434782 0.13043478260869565 0.043478260869565216 0.043478260869565216 0.043478260869565216 0.06521739130434782 0.043478260869565216 0.10869565217391304 0.043478260869565216 0.10869565217391304
0.045454545454545456 0.06818181818181818 0.09090909090909091 0.11363636363636363 0.06818181818181818 0.045454545454545456 0.045454545454545456 0.045454545454545456 0.11363636363636363 0.06818181818181818 0.045454545454545456 0.06818181818181818 0.045454545454545456 0.06818181818181818 0.06818181818181818
0.0625 0.0625 0.0625 0.0625 0.0625 0.0625 0.09375 0.0625 0.0625 0.09375 0.0625 0.0625 0.0625 0.0625 0.0625
0.09375 0.0625 0.0625 0.0625 0.0625 0.09375 0.0625 0.0625 0.0625 0.0625 0.0625 0.0625 0.0625 0.0625 0.0625
0.05555555555555555 0.08333333333333333 0.05555555555555555 0.05555555555555555 0.08333333333333333 0.08333333333333333 0.05555555555555555 0.05555555555555555 0.08333333333333333 0.05555555555555555 0.08333333333333333 0.05555555555555555 0.05555555555555555 0.08333333333333333 0.05555555555555555
0.08333333333333333 0.05555555555555555 0.05555555555555555 0.08333333333333333 0.05555555555555555 0.05555555555555555 0.08333333333333333 0.05555555555555555 0.05555555555555555 0.08333333333333333 0.05555555555555555 0.08333333333333333 0.05555555555555555 0.08333333333333333 0.05555555555555555
0.1111111111111111 0.05555555555555555 0.08333333333333333 0.05555555555555555 0.05555555555555555 0.05555555555555555 0.05555555555555555 0.05555555555555555 0.05555555555555555 0.08333333333333333 0.05555555555555555 0.05555555555555555 0.05555555555555555 0.05555555555555555 0.1111111111111111
0.05555555555555555 0.08333333333333333 0.05555555555555555 0.08333333333333333 0.05555555555555555 0.05555555555555555 0.08333333333333333 0.05555555555555555 0.08333333333333333 0.08333333333333333 0.05555555555555555 0.05555555555555555 0.08333333333333333 0.05555555555555555 0.05555555555555555
0.05 0.125 0.05 0.05 0.07500000000000001 0.07500000000000001 0.1 0.07500000000000001 0.07500000000000001 0.05 0.05 0.07500000000000001 0.05 0.05 0.05
0.07500000000000001 0.1 0.05 0.1 0.05 0.05 0.07500000000000001 0.05 0.05 0.07500000000000001 0.05 0.07500000000000001 0.05 0.07500000000000001 0.07500000000000001
0.05555555555555555 0.05555555555555555 0.05555555555555555 0.05555555555555555 0.05555555555555555 0.08333333333333333 0.1388888888888889 0.05555555555555555 0.05555555555555555 0.05555555555555555 0.05555555555555555 0.05555555555555555 0.08333333333333333 0.05555555555555555 0.08333333333333333
0.07142857142857142 0.07142857142857142 0.047619047619047616 0.07142857142857142 0.047619047619047616 0.09523809523809523 0.11904761904761904 0.09523809523809523 0.07142857142857142 0.07142857142857142 0.047619047619047616 0.047619047619047616 0.047619047619047616 0.047619047619047616 0.047619047619047616
0.06818181818181818 0.045454545454545456 0.11363636363636365 0.09090909090909091 0.06818181818181818 0.045454545454545456 0.13636363636363635 0.09090909090909091 0.045454545454545456 0.045454545454545456 0.045454545454545456 0.045454545454545456 0.045454545454545456 0.06818181818181818 0.045454545454545456
0.038461538461538464 0.09615384615384616 0.07692307692307693 0.13461538461538464 0.038461538461538464 0.09615384615384616 0.11538461538461539 0.038461538461538464 0.038461538461538464 0.057692307692307696 0.057692307692307696 0.057692307692307696 0.057692307692307696 0.057692307692307696 0.038461538461538464
0.08823529411764705 0.058823529411764705 0.058823529411764705 0.058823529411764705 0.058823529411764705 0.058823529411764705 0.08823529411764705 0.08823529411764705 0.058823529411764705 0.058823529411764705 0.058823529411764705 0.058823529411764705 0.058823529411764705 0.08823529411764705 0.058823529411764705
0.05263157894736842 0.05263157894736842 0.05263157894736842 0.05263157894736842 0.07894736842105263 0.05263157894736842 0.10526315789473684 0.05263157894736842 0.05263157894736842 0.05263157894736842 0.05263157894736842 0.05263157894736842 0.05263157894736842 0.13157894736842105 0.10526315789473684
0.11538461538461539 0.057692307692307696 0.09615384615384616 0.057692307692307696 0.038461538461538464 0.057692307692307696 0.057692307692307696 0.057692307692307696 0.057692307692307696 0.15384615384615385 0.038461538461538464 0.09615384615384616 0.038461538461538464 0.038461538461538464 0.038461538461538464
0.07500000000000001 0.07500000000000001 0.05 0.07500000000000001 0.05 0.05 0.175 0.05 0.05 0.05 0.07500000000000001 0.05 0.05 0.07500000000000001 0.05
0.058823529411764705 0.08823529411764705 0.058823529411764705 0.058823529411764705 0.058823529411764705 0.058823529411764705 0.058823529411764705 0.11764705882352941 0.058823529411764705 0.058823529411764705 0.058823529411764705 0.058823529411764705 0.058823529411764705 0.08823529411764705 0.058823529411764705
0.05555555555555555 0.08333333333333333 0.05555555555555555 0.08333333333333333 0.08333333333333333 0.08333333333333333 0.05555555555555555 0.1111111111111111 0.05555555555555555 0.05555555555555555 0.05555555555555555 0.05555555555555555 0.05555555555555555 0.05555555555555555 0.05555555555555555
0.07142857142857142 0.07142857142857142 0.07142857142857142 0.047619047619047616 0.047619047619047616 0.047619047619047616 0.11904761904761904 0.047619047619047616 0.047619047619047616 0.047619047619047616 0.09523809523809523 0.09523809523809523 0.07142857142857142 0.047619047619047616 0.07142857142857142
0.05 0.07500000000000001 0.07500000000000001 0.07500000000000001 0.05 0.07500000000000001 0.07500000000000001 0.05 0.05 0.1 0.07500000000000001 0.05 0.1 0.05 0.05
0.07500000000000001 0.05 0.05 0.05 0.07500000000000001 0.07500000000000001 0.07500000000000001 0.05 0.05 0.1 0.07500000000000001 0.1 0.07500000000000001 0.05 0.05
0.058823529411764705 0.058823529411764705 0.058823529411764705 0.058823529411764705 0.08823529411764705 0.058823529411764705 0.08823529411764705 0.058823529411764705 0.11764705882352941 0.058823529411764705 0.058823529411764705 0.058823529411764705 0.058823529411764705 0.058823529411764705 0.058823529411764705
0.06521739130434782 0.043478260869565216 0.043478260869565216 0.06521739130434782 0.08695652173913043 0.06521739130434782 0.06521739130434782 0.08695652173913043 0.10869565217391304 0.043478260869565216 0.043478260869565216 0.13043478260869565 0.06521739130434782 0.043478260869565216 0.043478260869565216
0.0625 0.0625 0.0625 0.0625 0.0625 0.0625 0.09375 0.0625 0.0625 0.0625 0.09375 0.0625 0.0625 0.0625 0.0625
0.18181818181818182 0.06818181818181818 0.09090909090909091 0.045454545454545456 0.045454545454545456 0.06818181818181818 0.06818181818181818 0.045454545454545456 0.045454545454545456 0.09090909090909091 0.045454545454545456 0.045454545454545456 0.06818181818181818 0.045454545454545456 0.045454545454545456
0.0625 0.0625 0.0625 0.09375 0.0625 0.0625 0.0625 0.09375 0.0625 0.0625 0.0625 0.0625 0.0625 0.0625 0.0625
0.0625 0.0625 0.0625 0.0625 0.0625 0.0625 0.0625 0.0625 0.09375 0.0625 0.0625 0.09375 0.0625 0.0625 0.0625
0.11904761904761904 0.11904761904761904 0.07142857142857142 0.09523809523809523 0.047619047619047616 0.047619047619047616 0.07142857142857142 0.07142857142857142 0.047619047619047616 0.047619047619047616 0.047619047619047616 0.047619047619047616 0.07142857142857142 0.047619047619047616 0.047619047619047616
0.058823529411764705 0.08823529411764705 0.08823529411764705 0.058823529411764705 0.058823529411764705 0.08823529411764705 0.08823529411764705 0.058823529411764705 0.058823529411764705 0.058823529411764705 0.058823529411764705 0.058823529411764705 0.058823529411764705 0.058823529411764705 0.058823529411764705
0.058823529411764705 0.058823529411764705 0.08823529411764705 0.058823529411764705 0.058823529411764705 0.08823529411764705 0.08823529411764705 0.058823529411764705 0.058823529411764705 0.058823529411764705 0.058823529411764705 0.058823529411764705 0.08823529411764705 0.058823529411764705 0.058823529411764705
0.057692307692307696 0.038461538461538464 0.057692307692307696 0.11538461538461539 0.07692307692307693 0.057692307692307696 0.17307692307692307 0.057692307692307696 0.038461538461538464 0.038461538461538464 0.057692307692307696 0.07692307692307693 0.057692307692307696 0.057692307692307696 0.038461538461538464
0.08695652173913043 0.08695652173913043 0.043478260869565216 0.043478260869565216 0.06521739130434782 0.043478260869565216 0.13043478260869565 0.06521739130434782 0.043478260869565216 0.08695652173913043 0.043478260869565216 0.06521739130434782 0.06521739130434782 0.08695652173913043 0.043478260869565216
0.06818181818181818 0.045454545454545456 0.06818181818181818 0.045454545454545456 0.09090909090909091 0.045454545454545456 0.1590909090909091 0.11363636363636365 0.045454545454545456 0.045454545454545456 0.045454545454545456 0.06818181818181818 0.045454545454545456 0.045454545454545456 0.06818181818181818
0.02857142857142857 0.02857142857142857 0.05714285714285714 0.07142857142857142 0.08571428571428572 0.04285714285714286 0.2571428571428571 0.05714285714285714 0.07142857142857142 0.08571428571428572 0.02857142857142857 0.05714285714285714 0.04285714285714286 0.02857142857142857 0.05714285714285714
0.07142857142857142 0.047619047619047616 0.047619047619047616 0.047619047619047616 0.07142857142857142 0.047619047619047616 0.11904761904761904 0.09523809523809523 0.047619047619047616 0.11904761904761904 0.047619047619047616 0.07142857142857142 0.047619047619047616 0.07142857142857142 0.047619047619047616
0.0625 0.09375 0.0625 0.0625 0.0625 0.0625 0.0625 0.0625 0.0625 0.0625 0.09375 0.0625 0.0625 0.0625 0.0625
0.04 0.08 0.08 0.04 0.04 0.06 0.18 0.04 0.06 0.08 0.06 0.06 0.06 0.06 0.06
0.05263157894736842 0.07894736842105263 0.07894736842105263 0.05263157894736842 0.05263157894736842 0.05263157894736842 0.07894736842105263 0.05263157894736842 0.10526315789473684 0.10526315789473684 0.05263157894736842 0.05263157894736842 0.05263157894736842 0.07894736842105263 0.05263157894736842
0.058823529411764705 0.08823529411764705 0.058823529411764705 0.058823529411764705 0.058823529411764705 0.058823529411764705 0.08823529411764705 0.058823529411764705 0.08823529411764705 0.08823529411764705 0.058823529411764705 0.058823529411764705 0.058823529411764705 0.058823529411764705 0.058823529411764705
0.05 0.07500000000000001 0.07500000000000001 0.07500000000000001 0.07500000000000001 0.07500000000000001 0.125 0.05 0.05 0.07500000000000001 0.05 0.07500000000000001 0.05 0.05 0.05
0.07894736842105263 0.07894736842105263 0.05263157894736842 0.05263157894736842 0.05263157894736842 0.07894736842105263 0.10526315789473684 0.05263157894736842 0.07894736842105263 0.07894736842105263 0.05263157894736842 0.05263157894736842 0.05263157894736842 0.07894736842105263 0.05263157894736842
0.043478260869565216 0.06521739130434782 0.06521739130434782 0.06521739130434782 0.06521739130434782 0.06521739130434782 0.08695652173913043 0.043478260869565216 0.08695652173913043 0.043478260869565216 0.06521739130434782 0.06521739130434782 0.08695652173913043 0.08695652173913043 0.06521739130434782
0.06521739130434782 0.043478260869565216 0.043478260869565216 0.06521739130434782 0.043478260869565216 0.043478260869565216 0.19565217391304346 0.043478260869565216 0.043478260869565216 0.043478260869565216 0.10869565217391304 0.043478260869565216 0.08695652173913043 0.08695652173913043 0.043478260869565216
0.047619047619047616 0.09523809523809523 0.047619047619047616 0.047619047619047616 0.07142857142857142 0.07142857142857142 0.19047619047619047 0.047619047619047616 0.07142857142857142 0.047619047619047616 0.047619047619047616 0.047619047619047616 0.07142857142857142 0.047619047619047616 0.047619047619047616
0.1 0.05 0.05 0.05 0.07500000000000001 0.05 0.1 0.05 0.07500000000000001 0.07500000000000001 0.1 0.05 0.05 0.05 0.07500000000000001
0.07894736842105263 0.10526315789473684 0.05263157894736842 0.07894736842105263 0.05263157894736842 0.05263157894736842 0.05263157894736842 0.13157894736842105 0.05263157894736842 0.05263157894736842 0.05263157894736842 0.05263157894736842 0.05263157894736842 0.07894736842105263 0.05263157894736842
0.08823529411764705 0.058823529411764705 0.058823529411764705 0.058823529411764705 0.058823529411764705 0.11764705882352941 0.08823529411764705 0.058823529411764705 0.058823529411764705 0.058823529411764705 0.058823529411764705 0.058823529411764705 0.058823529411764705 0.058823529411764705 0.058823529411764705
0.07407407407407407 0.037037037037037035 0.037037037037037035 0.05555555555555555 0.07407407407407407 0.05555555555555555 0.2222222222222222 0.09259259259259259 0.05555555555555555 0.05555555555555555 0.07407407407407407 0.037037037037037035 0.037037037037037035 0.037037037037037035 0.05555555555555555
0.05 0.125 0.05 0.07500000000000001 0.05 0.1 0.125 0.05 0.05 0.05 0.05 0.05 0.05 0.05 0.07500000000000001
0.047619047619047616 0.047619047619047616 0.047619047619047616 0.047619047619047616 0.07142857142857142 0.047619047619047616 0.07142857142857142 0.047619047619047616 0.07142857142857142 0.07142857142857142 0.07142857142857142 0.11904761904761904 0.047619047619047616 0.14285714285714285 0.047619047619047616
0.058823529411764705 0.08823529411764705 0.058823529411764705 0.058823529411764705 0.058823529411764705 0.058823529411764705 0.058823529411764705 0.058823529411764705 0.058823529411764705 0.058823529411764705 0.058823529411764705 0.08823529411764705 0.08823529411764705 0.08823529411764705 0.058823529411764705
0.06 0.06 0.06 0.04 0.06 0.08 0.2 0.12 0.06 0.06 0.04 0.04 0.04 0.04 0.04
0.05555555555555555 0.08333333333333333 0.05555555555555555 0.05555555555555555 0.1111111111111111 0.05555555555555555 0.1111111111111111 0.05555555555555555 0.08333333333333333 0.05555555555555555 0.05555555555555555 0.05555555555555555 0.05555555555555555 0.05555555555555555 0.05555555555555555
0.07894736842105263 0.07894736842105263 0.05263157894736842 0.07894736842105263 0.05263157894736842 0.05263157894736842 0.05263157894736842 0.07894736842105263 0.05263157894736842 0.05263157894736842 0.05263157894736842 0.07894736842105263 0.07894736842105263 0.07894736842105263 0.07894736842105263
0.05263157894736842 0.05263157894736842 0.05263157894736842 0.13157894736842105 0.05263157894736842 0.05263157894736842 0.07894736842105263 0.05263157894736842 0.10526315789473684 0.07894736842105263 0.05263157894736842 0.05263157894736842 0.05263157894736842 0.07894736842105263 0.05263157894736842
0.09090909090909091 0.045454545454545456 0.06818181818181818 0.045454545454545456 0.09090909090909091 0.045454545454545456 0.06818181818181818 0.045454545454545456 0.045454545454545456 0.045454545454545456 0.06818181818181818 0.06818181818181818 0.11363636363636365 0.06818181818181818 0.09090909090909091
0.058823529411764705 0.11764705882352941 0.11764705882352941 0.058823529411764705 0.058823529411764705 0.058823529411764705 0.058823529411764705 0.058823529411764705 0.058823529411764705 0.058823529411764705 0.058823529411764705 0.058823529411764705 0.058823529411764705 0.058823529411764705 0.058823529411764705
0.1111111111111111 0.05555555555555555 0.08333333333333333 0.08333333333333333 0.05555555555555555 0.05555555555555555 0.08333333333333333 0.05555555555555555 0.05555555555555555 0.05555555555555555 0.05555555555555555 0.05555555555555555 0.05555555555555555 0.05555555555555555 0.08333333333333333
0.047619047619047616 0.07142857142857142 0.07142857142857142 0.047619047619047616 0.047619047619047616 0.047619047619047616 0.14285714285714285 0.07142857142857142 0.09523809523809523 0.07142857142857142 0.07142857142857142 0.047619047619047616 0.047619047619047616 0.07142857142857142 0.047619047619047616
0.058823529411764705 0.08823529411764705 0.058823529411764705 0.08823529411764705 0.058823529411764705 0.058823529411764705 0.08823529411764705 0.058823529411764705 0.08823529411764705 0.058823529411764705 0.058823529411764705 0.058823529411764705 0.058823529411764705 0.058823529411764705 0.058823529411764705
0.058823529411764705 0.058823529411764705 0.08823529411764705 0.058823529411764705 0.11764705882352941 0.058823529411764705 0.058823529411764705 0.058823529411764705 0.058823529411764705 0.058823529411764705 0.058823529411764705 0.058823529411764705 0.08823529411764705 0.058823529411764705 0.058823529411764705
0.05 0.05 0.07500000000000001 0.07500000000000001 0.07500000000000001 0.1 0.125 0.05 0.05 0.05 0.07500000000000001 0.05 0.05 0.05 0.07500000000000001
0.1 0.05 0.05 0.05 0.125 0.05 0.05 0.07500000000000001 0.07500000000000001 0.05 0.05 0.05 0.125 0.05 0.05
0.08695652173913043 0.08695652173913043 0.08695652173913043 0.043478260869565216 0.06521739130434782 0.043478260869565216 0.08695652173913043 0.06521739130434782 0.10869565217391304 0.06521739130434782 0.043478260869565216 0.06521739130434782 0.043478260869565216 0.043478260869565216 0.06521739130434782
0.058823529411764705 0.058823529411764705 0.058823529411764705 0.058823529411764705 0.058823529411764705 0.11764705882352941 0.058823529411764705 0.08823529411764705 0.058823529411764705 0.058823529411764705 0.058823529411764705 0.058823529411764705 0.058823529411764705 0.08823529411764705 0.058823529411764705
0.0625 0.0625 0.0625 0.0625 0.0625 0.0625 0.0625 0.0625 0.0625 0.0625 0.0625 0.0625 0.125 0.0625 0.0625
0.0625 0.09375 0.0625 0.09375 0.0625 0.0625 0.0625 0.0625 0.0625 0.0625 0.0625 0.0625 0.0625 0.0625 0.0625
0.05555555555555555 0.05555555555555555 0.05555555555555555 0.08333333333333333 0.05555555555555555 0.05555555555555555 0.1111111111111111 0.08333333333333333 0.08333333333333333 0.05555555555555555 0.05555555555555555 0.05555555555555555 0.05555555555555555 0.05555555555555555 0.08333333333333333
0.0625 0.0625 0.0625 0.09375 0.0625 0.0625 0.0625 0.0625 0.0625 0.0625 0.0625 0.0625 0.0625 0.0625 0.09375
0.07894736842105263 0.05263157894736842 0.07894736842105263 0.05263157894736842 0.05263157894736842 0.05263157894736842 0.05263157894736842 0.05263157894736842 0.07894736842105263 0.05263157894736842 0.13157894736842105 0.07894736842105263 0.05263157894736842 0.05263157894736842 0.07894736842105263
0.05555555555555555 0.08333333333333333 0.05555555555555555 0.05555555555555555 0.05555555555555555 0.08333333333333333 0.08333333333333333 0.08333333333333333 0.08333333333333333 0.05555555555555555 0.05555555555555555 0.05555555555555555 0.05555555555555555 0.08333333333333333 0.05555555555555555
0.08695652173913043 0.06521739130434782 0.06521739130434782 0.043478260869565216 0.043478260869565216 0.06521739130434782 0.06521739130434782 0.08695652173913043 0.06521739130434782 0.043478260869565216 0.043478260869565216 0.043478260869565216 0.043478260869565216 0.15217391304347827 0.08695652173913043
0.0625 0.09375 0.0625 0.0625 0.0625 0.0625 0.0625 0.0625 0.0625 0.0625 0.0625 0.0625 0.09375 0.0625 0.0625
0.0625 0.0625 0.0625 0.0625 0.0625 0.09375 0.0625 0.0625 0.0625 0.0625 0.0625 0.09375 0.0625 0.0625 0.0625
0.09259259259259259 0.05555555555555555 0.12962962962962962 0.1111111111111111 0.037037037037037035 0.05555555555555555 0.12962962962962962 0.037037037037037035 0.037037037037037035 0.037037037037037035 0.037037037037037035 0.05555555555555555 0.09259259259259259 0.05555555555555555 0.037037037037037035
0.0625 0.0625 0.0625 0.0625 0.0625 0.0625 0.0625 0.09375 0.0625 0.0625 0.0625 0.0625 0.0625 0.09375 0.0625
0.058823529411764705 0.08823529411764705 0.058823529411764705 0.058823529411764705 0.058823529411764705 0.08823529411764705 0.058823529411764705 0.058823529411764705 0.058823529411764705 0.08823529411764705 0.058823529411764705 0.058823529411764705 0.08823529411764705 0.058823529411764705 0.058823529411764705
0.05555555555555555 0.05555555555555555 0.08333333333333333 0.08333333333333333 0.05555555555555555 0.05555555555555555 0.08333333333333333 0.1111111111111111 0.05555555555555555 0.05555555555555555 0.08333333333333333 0.05555555555555555 0.05555555555555555 0.05555555555555555 0.05555555555555555
0.08823529411764705 0.058823529411764705 0.058823529411764705 0.08823529411764705 0.058823529411764705 0.058823529411764705 0.058823529411764705 0.058823529411764705 0.058823529411764705 0.058823529411764705 0.058823529411764705 0.058823529411764705 0.058823529411764705 0.11764705882352941 0.058823529411764705
0.058823529411764705 0.058823529411764705 0.058823529411764705 0.058823529411764705 0.058823529411764705 0.11764705882352941 0.058823529411764705 0.058823529411764705 0.058823529411764705 0.058823529411764705 0.08823529411764705 0.058823529411764705 0.058823529411764705 0.08823529411764705 0.058823529411764705
0.0625 0.0625 0.0625 0.0625 0.0625 0.125 0.0625 0.0625 0.0625 0.0625 0.0625 0.0625 0.0625 0.0625 0.0625
0.05 0.05 0.07500000000000001 0.05 0.07500000000000001 0.1 0.05 0.05 0.05 0.05 0.05 0.07500000000000001 0.07500000000000001 0.05 0.15000000000000002
0.0625 0.0625 0.0625 0.0625 0.0625 0.0625 0.0625 0.0625 0.09375 0.0625 0.0625 0.0625 0.09375 0.0625 0.0625
0.05555555555555555 0.05555555555555555 0.05555555555555555 0.05555555555555555 0.08333333333333333 0.05555555555555555 0.05555555555555555 0.08333333333333333 0.05555555555555555 0.05555555555555555 0.08333333333333333 0.08333333333333333 0.05555555555555555 0.1111111111111111 0.05555555555555555
0.058823529411764705 0.08823529411764705 0.058823529411764705 0.058823529411764705 0.08823529411764705 0.058823529411764705 0.058823529411764705 0.058823529411764705 0.058823529411764705 0.058823529411764705 0.058823529411764705 0.058823529411764705 0.058823529411764705 0.058823529411764705 0.11764705882352941
0.058823529411764705 0.058823529411764705 0.058823529411764705 0.058823529411764705 0.058823529411764705 0.058823529411764705 0.058823529411764705 0.058823529411764705 0.11764705882352941 0.08823529411764705 0.058823529411764705 0.058823529411764705 0.058823529411764705 0.058823529411764705 0.08823529411764705
0.058823529411764705 0.058823529411764705 0.058823529411764705 0.058823529411764705 0.058823529411764705 0.058823529411764705 0.058823529411764705 0.08823529411764705 0.058823529411764705 0.14705882352941177 0.058823529411764705 0.058823529411764705 0.058823529411764705 0.058823529411764705 0.058823529411764705
0.0625 0.0625 0.0625 0.09375 0.0625 0.0625 0.0625 0.0625 0.0625 0.09375 0.0625 0.0625 0.0625 0.0625 0.0625
0.05555555555555555 0.05555555555555555 0.05555555555555555 0.1111111111111111 0.05555555555555555 0.05555555555555555 0.05555555555555555 0.08333333333333333 0.05555555555555555 0.05555555555555555 0.1111111111111111 0.05555555555555555 0.05555555555555555 0.05555555555555555 0.08333333333333333
0.05263157894736842 0.05263157894736842 0.07894736842105263 0.05263157894736842 0.05263157894736842 0.07894736842105263 0.07894736842105263 0.07894736842105263 0.07894736842105263 0.05263157894736842 0.07894736842105263 0.07894736842105263 0.05263157894736842 0.05263157894736842 0.07894736842105263
0.047619047619047616 0.09523809523809523 0.047619047619047616 0.047619047619047616 0.047619047619047616 0.07142857142857142 0.047619047619047616 0.09523809523809523 0.047619047619047616 0.07142857142857142 0.09523809523809523 0.11904761904761904 0.07142857142857142 0.047619047619047616 0.047619047619047616
0.06 0.14 0.06 0.1 0.06 0.06 0.04 0.08 0.04 0.06 0.1 0.04 0.04 0.06 0.06
0.05263157894736842 0.07894736842105263 0.05263157894736842 0.05263157894736842 0.05263157894736842 0.05263157894736842 0.05263157894736842 0.07894736842105263 0.05263157894736842 0.07894736842105263 0.05263157894736842 0.10526315789473684 0.13157894736842105 0.05263157894736842 0.05263157894736842
0.1 0.05 0.05 0.05 0.05 0.05 0.07500000000000001 0.07500000000000001 0.1 0.1 0.05 0.05 0.07500000000000001 0.07500000000000001 0.05
0.07142857142857142 0.07142857142857142 0.09523809523809523 0.047619047619047616 0.047619047619047616 0.047619047619047616 0.047619047619047616 0.09523809523809523 0.09523809523809523 0.07142857142857142 0.047619047619047616 0.07142857142857142 0.09523809523809523 0.047619047619047616 0.047619047619047616
0.045454545454545456 0.045454545454545456 0.06818181818181818 0.045454545454545456 0.06818181818181818 0.045454545454545456 0.045454545454545456 0.06818181818181818 0.13636363636363635 0.09090909090909091 0.045454545454545456 0.045454545454545456 0.11363636363636365 0.06818181818181818 0.06818181818181818
