0.05555555555555555 0.05555555555555555 0.05555555555555555 0.16666666666666666 0.05555555555555555 0.08333333333333333 0.05555555555555555 0.05555555555555555 0.05555555555555555 0.08333333333333333 0.05555555555555555 0.05555555555555555 0.05555555555555555 0.05555555555555555 0.05555555555555555
0.058823529411764705 0.058823529411764705 0.058823529411764705 0.058823529411764705 0.058823529411764705 0.08823529411764705 0.058823529411764705 0.058823529411764705 0.11764705882352941 0.058823529411764705 0.058823529411764705 0.058823529411764705 0.058823529411764705 0.08823529411764705 0.058823529411764705
0.058823529411764705 0.058823529411764705 0.058823529411764705 0.08823529411764705 0.058823529411764705 0.058823529411764705 0.058823529411764705 0.058823529411764705 0.11764705882352941 0.058823529411764705 0.058823529411764705 0.058823529411764705 0.058823529411764705 0.058823529411764705 0.08823529411764705
0.058823529411764705 0.058823529411764705 0.058823529411764705 0.08823529411764705 0.058823529411764705 0.08823529411764705 0.08823529411764705 0.058823529411764705 0.058823529411764705 0.058823529411764705 0.058823529411764705 0.058823529411764705 0.08823529411764705 0.058823529411764705 0.058823529411764705
0.05 0.05 0.05 0.1 0.07500000000000001 0.05 0.05 0.05 0.05 0.05 0.1 0.07500000000000001 0.07500000000000001 0.07500000000000001 0.1
0.05555555555555555 0.05555555555555555 0.1111111111111111 0.05555555555555555 0.05555555555555555 0.05555555555555555 0.08333333333333333 0.08333333333333333 0.05555555555555555 0.08333333333333333 0.05555555555555555 0.05555555555555555 0.05555555555555555 0.05555555555555555 0.08333333333333333
0.047619047619047616 0.11904761904761904 0.047619047619047616 0.047619047619047616 0.14285714285714285 0.047619047619047616 0.07142857142857142 0.047619047619047616 0.047619047619047616 0.047619047619047616 0.047619047619047616 0.07142857142857142 0.09523809523809523 0.07142857142857142 0.047619047619047616
0.0625 0.0625 0.0625 0.0625 0.0625 0.0625 0.0625 0.09375 0.0625 0.0625 0.0625 0.0625 0.09375 0.0625 0.0625
0.09523809523809523 0.047619047619047616 0.047619047619047616 0.09523809523809523 0.09523809523809523 0.07142857142857142 0.047619047619047616 0.047619047619047616 0.047619047619047616 0.047619047619047616 0.047619047619047616 0.047619047619047616 0.07142857142857142 0.09523809523809523 0.09523809523809523
0.05555555555555555 0.05555555555555555 0.08333333333333333 0.05555555555555555 0.05555555555555555 0.05555555555555555 0.05555555555555555 0.08333333333333333 0.05555555555555555 0.05555555555555555 0.05555555555555555 0.08333333333333333 0.08333333333333333 0.1111111111111111 0.05555555555555555
0.05555555555555555 0.05555555555555555 0.05555555555555555 0.05555555555555555 0.08333333333333333 0.05555555555555555 0.1111111111111111 0.05555555555555555 0.08333333333333333 0.1111111111111111 0.05555555555555555 0.05555555555555555 0.05555555555555555 0.05555555555555555 0.05555555555555555
0.05555555555555555 0.05555555555555555 0.05555555555555555 0.1111111111111111 0.08333333333333333 0.05555555555555555 0.1111111111111111 0.05555555555555555 0.05555555555555555 0.05555555555555555 0.05555555555555555 0.05555555555555555 0.05555555555555555 0.08333333333333333 0.05555555555555555
0.07142857142857142 0.07142857142857142 0.047619047619047616 0.07142857142857142 0.09523809523809523 0.047619047619047616 0.11904761904761904 0.047619047619047616 0.047619047619047616 0.07142857142857142 0.047619047619047616 0.11904761904761904 0.047619047619047616 0.047619047619047616 0.047619047619047616
0.13157894736842105 0.07894736842105263 0.10526315789473684 0.05263157894736842 0.05263157894736842 0.07894736842105263 0.05263157894736842 0.05263157894736842 0.05263157894736842 0.05263157894736842 0.05263157894736842 0.05263157894736842 0.05263157894736842 0.05263157894736842 0.07894736842105263
0.0625 0.0625 0.0625 0.0625 0.09375 0.0625 0.0625 0.0625 0.0625 0.0625 0.0625 0.09375 0.0625 0.0625 0.0625
0.08823529411764705 0.058823529411764705 0.058823529411764705 0.058823529411764705 0.058823529411764705 0.058823529411764705 0.058823529411764705 0.058823529411764705 0.058823529411764705 0.058823529411764705 0.11764705882352941 0.058823529411764705 0.058823529411764705 0.08823529411764705 0.058823529411764705
0.041666666666666664 0.041666666666666664 0.041666666666666664 0.041666666666666664 0.041666666666666664 0.0625 0.08333333333333333 0.10416666666666666 0.0625 0.041666666666666664 0.14583333333333331 0.041666666666666664 0.041666666666666664 0.14583333333333334 0.0625
0.05263157894736842 0.05263157894736842 0.05263157894736842 0.05263157894736842 0.05263157894736842 0.05263157894736842 0.05263157894736842 0.07894736842105263 0.07894736842105263 0.10526315789473684 0.07894736842105263 0.10526315789473684 0.07894736842105263 0.05263157894736842 0.05263157894736842
0.058823529411764705 0.058823529411764705 0.058823529411764705 0.08823529411764705 0.058823529411764705 0.058823529411764705 0.058823529411764705 0.058823529411764705 0.058823529411764705 0.058823529411764705 0.11764705882352941 0.058823529411764705 0.08823529411764705 0.058823529411764705 0.058823529411764705
0.05555555555555555 0.05555555555555555 0.05555555555555555 0.05555555555555555 0.08333333333333333 0.08333333333333333 0.05555555555555555 0.08333333333333333 0.05555555555555555 0.05555555555555555 0.1111111111111111 0.05555555555555555 0.05555555555555555 0.08333333333333333 0.05555555555555555
0.058823529411764705 0.058823529411764705 0.058823529411764705 0.08823529411764705 0.08823529411764705 0.058823529411764705 0.08823529411764705 0.058823529411764705 0.08823529411764705 0.058823529411764705 0.058823529411764705 0.058823529411764705 0.058823529411764705 0.058823529411764705 0.058823529411764705
0.07500000000000001 0.05 0.05 0.05 0.05 0.05 0.07500000000000001 0.05 0.125 0.1 0.07500000000000001 0.05 0.07500000000000001 0.05 0.07500000000000001
0.0625 0.0625 0.09375 0.09375 0.0625 0.0625 0.0625 0.0625 0.0625 0.0625 0.0625 0.0625 0.0625 0.0625 0.0625
0.0625 0.0625 0.0625 0.09375 0.09375 0.0625 0.0625 0.0625 0.0625 0.0625 0.0625 0.0625 0.0625 0.0625 0.0625
0.0625 0.0625 0.0625 0.0625 0.0625 0.0625 0.0625 0.0625 0.125 0.0625 0.0625 0.0625 0.0625 0.0625 0.0625
0.0625 0.0625 0.0625 0.0625 0.0625 0.0625 0.0625 0.0625 0.09375 0.0625 0.0625 0.0625 0.0625 0.0625 0.09375
0.058823529411764705 0.058823529411764705 0.08823529411764705 0.058823529411764705 0.08823529411764705 0.058823529411764705 0.058823529411764705 0.058823529411764705 0.058823529411764705 0.058823529411764705 0.058823529411764705 0.058823529411764705 0.11764705882352941 0.058823529411764705 0.058823529411764705
0.05555555555555555 0.05555555555555555 0.05555555555555555 0.05555555555555555 0.05555555555555555 0.05555555555555555 0.05555555555555555 0.05555555555555555 0.05555555555555555 0.1111111111111111 0.05555555555555555 0.1388888888888889 0.05555555555555555 0.05555555555555555 0.08333333333333333
0.0625 0.0625 0.0625 0.0625 0.0625 0.09375 0.0625 0.0625 0.0625 0.0625 0.0625 0.0625 0.0625 0.0625 0.09375
0.05555555555555555 0.08333333333333333 0.05555555555555555 0.05555555555555555 0.05555555555555555 0.05555555555555555 0.1111111111111111 0.08333333333333333 0.05555555555555555 0.05555555555555555 0.05555555555555555 0.08333333333333333 0.05555555555555555 0.05555555555555555 0.08333333333333333
0.08333333333333333 0.05555555555555555 0.1111111111111111 0.08333333333333333 0.05555555555555555 0.05555555555555555 0.05555555555555555 0.05555555555555555 0.05555555555555555 0.08333333333333333 0.05555555555555555 0.08333333333333333 0.05555555555555555 0.05555555555555555 0.05555555555555555
0.0625 0.0625 0.0625 0.0625 0.09375 0.0625 0.0625 0.0625 0.0625 0.09375 0.0625 0.0625 0.0625 0.0625 0.0625
0.0625 0.0625 0.09375 0.0625 0.0625 0.0625 0.0625 0.0625 0.0625 0.0625 0.0625 0.0625 0.09375 0.0625 0.0625
0.07500000000000001 0.07500000000000001 0.15 0.05 0.07500000000000001 0.05 0.05 0.1 0.05 0.05 0.05 0.05 0.05 0.05 0.07500000000000001
0.14705882352941177 0.058823529411764705 0.058823529411764705 0.058823529411764705 0.058823529411764705 0.058823529411764705 0.058823529411764705 0.058823529411764705 0.058823529411764705 0.08823529411764705 0.058823529411764705 0.058823529411764705 0.058823529411764705 0.058823529411764705 0.058823529411764705
0.08823529411764705 0.058823529411764705 0.08823529411764705 0.058823529411764705 0.058823529411764705 0.08823529411764705 0.058823529411764705 0.058823529411764705 0.08823529411764705 0.058823529411764705 0.058823529411764705 0.058823529411764705 0.058823529411764705 0.058823529411764705 0.058823529411764705
0.11764705882352941 0.08823529411764705 0.058823529411764705 0.058823529411764705 0.058823529411764705 0.058823529411764705 0.058823529411764705 0.058823529411764705 0.058823529411764705 0.08823529411764705 0.058823529411764705 0.058823529411764705 0.058823529411764705 0.058823529411764705 0.058823529411764705
0.0625 0.0625 0.0625 0.09375 0.0625 0.0625 0.0625 0.0625 0.0625 0.0625 0.0625 0.0625 0.0625 0.0625 0.09375
0.045454545454545456 0.06818181818181818 0.11363636363636363 0.06818181818181818 0.06818181818181818 0.045454545454545456 0.06818181818181818 0.045454545454545456 0.045454545454545456 0.09090909090909091 0.045454545454545456 0.06818181818181818 0.13636363636363635 0.045454545454545456 0.045454545454545456
0.08333333333333333 0.05555555555555555 0.05555555555555555 0.05555555555555555 0.05555555555555555 0.08333333333333333 0.05555555555555555 0.08333333333333333 0.05555555555555555 0.08333333333333333 0.05555555555555555 0.08333333333333333 0.08333333333333333 0.05555555555555555 0.05555555555555555
0.045454545454545456 0.045454545454545456 0.06818181818181818 0.045454545454545456 0.045454545454545456 0.06818181818181818 0.09090909090909091 0.06818181818181818 0.11363636363636363 0.045454545454545456 0.1590909090909091 0.045454545454545456 0.045454545454545456 0.06818181818181818 0.045454545454545456
0.07500000000000001 0.05 0.07500000000000001 0.07500000000000001 0.07500000000000001 0.05 0.07500000000000001 0.07500000000000001 0.07500000000000001 0.05 0.05 0.05 0.1 0.07500000000000001 0.05
0.058823529411764705 0.08823529411764705 0.058823529411764705 0.058823529411764705 0.058823529411764705 0.08823529411764705 0.058823529411764705 0.058823529411764705 0.08823529411764705 0.058823529411764705 0.08823529411764705 0.058823529411764705 0.058823529411764705 0.058823529411764705 0.058823529411764705
0.0625 0.0625 0.0625 0.0625 0.0625 0.0625 0.0625 0.0625 0.0625 0.09375 0.0625 0.0625 0.0625 0.0625 0.09375
0.05555555555555555 0.05555555555555555 0.05555555555555555 0.05555555555555555 0.05555555555555555 0.08333333333333333 0.05555555555555555 0.05555555555555555 0.08333333333333333 0.05555555555555555 0.1111111111111111 0.08333333333333333 0.05555555555555555 0.05555555555555555 0.08333333333333333
0.06521739130434782 0.06521739130434782 0.10869565217391304 0.06521739130434782 0.08695652173913043 0.08695652173913043 0.043478260869565216 0.043478260869565216 0.043478260869565216 0.043478260869565216 0.08695652173913043 0.08695652173913043 0.08695652173913043 0.043478260869565216 0.043478260869565216
0.05 0.07500000000000001 0.05 0.05 0.05 0.05 0.05 0.175 0.05 0.07500000000000001 0.05 0.07500000000000001 0.07500000000000001 0.05 0.07500000000000001
0.045454545454545456 0.09090909090909091 0.045454545454545456 0.045454545454545456 0.09090909090909091 0.06818181818181818 0.09090909090909091 0.11363636363636363 0.09090909090909091 0.045454545454545456 0.045454545454545456 0.06818181818181818 0.045454545454545456 0.06818181818181818 0.045454545454545456
0.058823529411764705 0.11764705882352941 0.058823529411764705 0.058823529411764705 0.058823529411764705 0.058823529411764705 0.058823529411764705 0.058823529411764705 0.058823529411764705 0.08823529411764705 0.058823529411764705 0.058823529411764705 0.08823529411764705 0.058823529411764705 0.058823529411764705
0.058823529411764705 0.08823529411764705 0.058823529411764705 0.058823529411764705 0.11764705882352941 0.058823529411764705 0.058823529411764705 0.058823529411764705 0.08823529411764705 0.058823529411764705 0.058823529411764705 0.058823529411764705 0.058823529411764705 0.058823529411764705 0.058823529411764705
0.0625 0.0625 0.0625 0.0625 0.0625 0.0625 0.0625 0.0625 0.09375 0.0625 0.0625 0.09375 0.0625 0.0625 0.0625
0.08333333333333333 0.05555555555555555 0.05555555555555555 0.05555555555555555 0.1388888888888889 0.05555555555555555 0.05555555555555555 0.05555555555555555 0.08333333333333333 0.05555555555555555 0.08333333333333333 0.05555555555555555 0.05555555555555555 0.05555555555555555 0.05555555555555555
0.04 0.08 0.08 0.06 0.1 0.04 0.06 0.04 0.04 0.12 0.1 0.06 0.08 0.04 0.06
0.058823529411764705 0.058823529411764705 0.058823529411764705 0.058823529411764705 0.058823529411764705 0.058823529411764705 0.08823529411764705 0.058823529411764705 0.058823529411764705 0.058823529411764705 0.14705882352941177 0.058823529411764705 0.058823529411764705 0.058823529411764705 0.058823529411764705
0.05555555555555555 0.05555555555555555 0.1111111111111111 0.05555555555555555 0.05555555555555555 0.08333333333333333 0.08333333333333333 0.05555555555555555 0.05555555555555555 0.1111111111111111 0.05555555555555555 0.05555555555555555 0.05555555555555555 0.05555555555555555 0.05555555555555555
0.05263157894736842 0.10526315789473684 0.07894736842105263 0.05263157894736842 0.07894736842105263 0.07894736842105263 0.05263157894736842 0.05263157894736842 0.07894736842105263 0.05263157894736842 0.05263157894736842 0.05263157894736842 0.05263157894736842 0.07894736842105263 0.07894736842105263
0.058823529411764705 0.058823529411764705 0.08823529411764705 0.058823529411764705 0.058823529411764705 0.058823529411764705 0.058823529411764705 0.08823529411764705 0.08823529411764705 0.058823529411764705 0.058823529411764705 0.058823529411764705 0.08823529411764705 0.058823529411764705 0.058823529411764705
0.10526315789473684 0.05263157894736842 0.05263157894736842 0.05263157894736842 0.10526315789473684 0.10526315789473684 0.05263157894736842 0.05263157894736842 0.07894736842105263 0.05263157894736842 0.07894736842105263 0.05263157894736842 0.05263157894736842 0.05263157894736842 0.05263157894736842
0.09523809523809523 0.047619047619047616 0.047619047619047616 0.047619047619047616 0.047619047619047616 0.09523809523809523 0.07142857142857142 0.07142857142857142 0.07142857142857142 0.09523809523809523 0.047619047619047616 0.047619047619047616 0.047619047619047616 0.047619047619047616 0.11904761904761904
0.1 0.05 0.07500000000000001 0.05 0.05 0.07500000000000001 0.07500000000000001 0.05 0.07500000000000001 0.07500000000000001 0.05 0.1 0.05 0.05 0.07500000000000001
0.0625 0.0625 0.0625 0.0625 0.0625 0.0625 0.0625 0.0625 0.0625 0.0625 0.125 0.0625 0.0625 0.0625 0.0625
0.058823529411764705 0.08823529411764705 0.058823529411764705 0.058823529411764705 0.08823529411764705 0.058823529411764705 0.058823529411764705 0.058823529411764705 0.08823529411764705 0.058823529411764705 0.058823529411764705 0.08823529411764705 0.058823529411764705 0.058823529411764705 0.058823529411764705
0.08823529411764705 0.058823529411764705 0.058823529411764705 0.08823529411764705 0.058823529411764705 0.058823529411764705 0.058823529411764705 0.058823529411764705 0.08823529411764705 0.058823529411764705 0.058823529411764705 0.058823529411764705 0.08823529411764705 0.058823529411764705 0.058823529411764705
0.0625 0.0625 0.0625 0.0625 0.09375 0.0625 0.0625 0.0625 0.0625 0.0625 0.0625 0.0625 0.0625 0.09375 0.0625
0.07500000000000001 0.05 0.05 0.05 0.1 0.07500000000000001 0.05 0.05 0.1 0.125 0.05 0.07500000000000001 0.05 0.05 0.05
0.05263157894736842 0.07894736842105263 0.10526315789473684 0.05263157894736842 0.07894736842105263 0.05263157894736842 0.05263157894736842 0.10526315789473684 0.05263157894736842 0.05263157894736842 0.05263157894736842 0.05263157894736842 0.05263157894736842 0.05263157894736842 0.10526315789473684
0.0625 0.0625 0.0625 0.0625 0.0625 0.09375 0.0625 0.0625 0.0625 0.0625 0.0625 0.0625 0.0625 0.0625 0.09375
0.07142857142857142 0.07142857142857142 0.047619047619047616 0.09523809523809523 0.047619047619047616 0.07142857142857142 0.047619047619047616 0.047619047619047616 0.047619047619047616 0.047619047619047616 0.07142857142857142 0.09523809523809523 0.047619047619047616 0.07142857142857142 0.11904761904761904
0.05555555555555555 0.08333333333333333 0.1111111111111111 0.05555555555555555 0.05555555555555555 0.05555555555555555 0.05555555555555555 0.05555555555555555 0.05555555555555555 0.05555555555555555 0.08333333333333333 0.08333333333333333 0.05555555555555555 0.08333333333333333 0.05555555555555555
0.05 0.05 0.07500000000000001 0.05 0.05 0.07500000000000001 0.05 0.07500000000000001 0.05 0.07500000000000001 0.07500000000000001 0.1 0.07500000000000001 0.1 0.05
0.045454545454545456 0.06818181818181818 0.045454545454545456 0.11363636363636363 0.045454545454545456 0.045454545454545456 0.06818181818181818 0.06818181818181818 0.09090909090909091 0.06818181818181818 0.045454545454545456 0.045454545454545456 0.045454545454545456 0.11363636363636363 0.09090909090909091
0.05 0.07500000000000001 0.07500000000000001 0.07500000000000001 0.07500000000000001 0.05 0.07500000000000001 0.1 0.05 0.05 0.05 0.05 0.1 0.05 0.07500000000000001
0.0625 0.0625 0.09375 0.0625 0.0625 0.0625 0.0625 0.0625 0.0625 0.0625 0.0625 0.09375 0.0625 0.0625 0.0625
0.08333333333333333 0.08333333333333333 0.08333333333333333 0.05555555555555555 0.05555555555555555 0.05555555555555555 0.05555555555555555 0.05555555555555555 0.05555555555555555 0.05555555555555555 0.05555555555555555 0.05555555555555555 0.05555555555555555 0.1388888888888889 0.05555555555555555
0.1111111111111111 0.05555555555555555 0.08333333333333333 0.05555555555555555 0.05555555555555555 0.05555555555555555 0.05555555555555555 0.05555555555555555 0.05555555555555555 0.08333333333333333 0.05555555555555555 0.08333333333333333 0.05555555555555555 0.08333333333333333 0.05555555555555555
0.05 0.1 0.05 0.1 0.05 0.05 0.07500000000000001 0.05 0.07500000000000001 0.07500000000000001 0.1 0.05 0.07500000000000001 0.05 0.05
0.05263157894736842 0.05263157894736842 0.05263157894736842 0.05263157894736842 0.05263157894736842 0.05263157894736842 0.05263157894736842 0.07894736842105263 0.07894736842105263 0.10526315789473684 0.05263157894736842 0.05263157894736842 0.07894736842105263 0.05263157894736842 0.13157894736842105
0.058823529411764705 0.058823529411764705 0.058823529411764705 0.058823529411764705 0.058823529411764705 0.058823529411764705 0.058823529411764705 0.11764705882352941 0.11764705882352941 0.058823529411764705 0.058823529411764705 0.058823529411764705 0.058823529411764705 0.058823529411764705 0.058823529411764705
0.043478260869565216 0.06521739130434782 0.06521739130434782 0.08695652173913043 0.06521739130434782 0.043478260869565216 0.06521739130434782 0.08695652173913043 0.08695652173913043 0.043478260869565216 0.043478260869565216 0.043478260869565216 0.10869565217391304 0.10869565217391304 0.043478260869565216
0.08823529411764705 0.058823529411764705 0.058823529411764705 0.058823529411764705 0.058823529411764705 0.058823529411764705 0.058823529411764705 0.058823529411764705 0.058823529411764705 0.058823529411764705 0.08823529411764705 0.08823529411764705 0.08823529411764705 0.058823529411764705 0.058823529411764705
0.05263157894736842 0.13157894736842105 0.05263157894736842 0.07894736842105263 0.05263157894736842 0.10526315789473684 0.05263157894736842 0.05263157894736842 0.05263157894736842 0.05263157894736842 0.05263157894736842 0.07894736842105263 0.05263157894736842 0.05263157894736842 0.07894736842105263
0.05263157894736842 0.07894736842105263 0.05263157894736842 0.10526315789473684 0.05263157894736842 0.05263157894736842 0.05263157894736842 0.07894736842105263 0.05263157894736842 0.05263157894736842 0.05263157894736842 0.13157894736842105 0.05263157894736842 0.05263157894736842 0.07894736842105263
0.05357142857142857 0.05357142857142857 0.07142857142857142 0.05357142857142857 0.07142857142857142 0.03571428571428571 0.05357142857142857 0.05357142857142857 0.10714285714285715 0.125 0.07142857142857142 0.03571428571428571 0.125 0.05357142857142857 0.03571428571428571
0.05555555555555555 0.05555555555555555 0.08333333333333333 0.05555555555555555 0.05555555555555555 0.05555555555555555 0.08333333333333333 0.08333333333333333 0.05555555555555555 0.1111111111111111 0.08333333333333333 0.05555555555555555 0.05555555555555555 0.05555555555555555 0.05555555555555555
0.05555555555555555 0.08333333333333333 0.05555555555555555 0.05555555555555555 0.05555555555555555 0.1111111111111111 0.05555555555555555 0.08333333333333333 0.05555555555555555 0.1111111111111111 0.05555555555555555 0.05555555555555555 0.05555555555555555 0.05555555555555555 0.05555555555555555
0.058823529411764705 0.08823529411764705 0.058823529411764705 0.058823529411764705 0.058823529411764705 0.058823529411764705 0.08823529411764705 0.08823529411764705 0.058823529411764705 0.058823529411764705 0.08823529411764705 0.058823529411764705 0.058823529411764705 0.058823529411764705 0.058823529411764705
0.07500000000000001 0.05 0.05 0.1 0.05 0.05 0.15000000000000002 0.07500000000000001 0.05 0.05 0.07500000000000001 0.05 0.05 0.07500000000000001 0.05
0.0625 0.0625 0.0625 0.0625 0.0625 0.0625 0.09375 0.0625 0.0625 0.09375 0.0625 0.0625 0.0625 0.0625 0.0625
0.06521739130434782 0.08695652173913043 0.043478260869565216 0.06521739130434782 0.043478260869565216 0.13043478260869565 0.08695652173913043 0.08695652173913043 0.06521739130434782 0.043478260869565216 0.06521739130434782 0.043478260869565216 0.06521739130434782 0.06521739130434782 0.043478260869565216
0.1111111111111111 0.08333333333333333 0.05555555555555555 0.05555555555555555 0.05555555555555555 0.05555555555555555 0.05555555555555555 0.05555555555555555 0.05555555555555555 0.08333333333333333 0.05555555555555555 0.05555555555555555 0.1111111111111111 0.05555555555555555 0.05555555555555555
0.08823529411764705 0.058823529411764705 0.058823529411764705 0.058823529411764705 0.058823529411764705 0.11764705882352941 0.08823529411764705 0.058823529411764705 0.058823529411764705 0.058823529411764705 0.058823529411764705 0.058823529411764705 0.058823529411764705 0.058823529411764705 0.058823529411764705
0.05555555555555555 0.05555555555555555 0.05555555555555555 0.08333333333333333 0.05555555555555555 0.08333333333333333 0.05555555555555555 0.05555555555555555 0.05555555555555555 0.08333333333333333 0.05555555555555555 0.05555555555555555 0.1388888888888889 0.05555555555555555 0.05555555555555555
0.058823529411764705 0.08823529411764705 0.058823529411764705 0.058823529411764705 0.058823529411764705 0.08823529411764705 0.058823529411764705 0.08823529411764705 0.058823529411764705 0.058823529411764705 0.058823529411764705 0.08823529411764705 0.058823529411764705 0.058823529411764705 0.058823529411764705
0.05 0.05 0.05 0.07500000000000001 0.07500000000000001 0.05 0.07500000000000001 0.05 0.05 0.07500000000000001 0.05 0.125 0.07500000000000001 0.05 0.1
0.05 0.1 0.05 0.05 0.05 0.1 0.05 0.07500000000000001 0.05 0.05 0.05 0.05 0.05 0.1 0.125
0.05555555555555555 0.05555555555555555 0.08333333333333333 0.1111111111111111 0.05555555555555555 0.08333333333333333 0.08333333333333333 0.05555555555555555 0.08333333333333333 0.05555555555555555 0.05555555555555555 0.05555555555555555 0.05555555555555555 0.05555555555555555 0.05555555555555555
0.05 0.05 0.05 0.07500000000000001 0.07500000000000001 0.05 0.05 0.07500000000000001 0.07500000000000001 0.07500000000000001 0.1 0.07500000000000001 0.05 0.1 0.05
0.08333333333333333 0.08333333333333333 0.05555555555555555 0.05555555555555555 0.05555555555555555 0.08333333333333333 0.08333333333333333 0.05555555555555555 0.05555555555555555 0.08333333333333333 0.05555555555555555 0.05555555555555555 0.05555555555555555 0.05555555555555555 0.08333333333333333
0.07142857142857142 0.07142857142857142 0.07142857142857142 0.047619047619047616 0.047619047619047616 0.047619047619047616 0.07142857142857142 0.07142857142857142 0.09523809523809523 0.09523809523809523 0.09523809523809523 0.07142857142857142 0.047619047619047616 0.047619047619047616 0.047619047619047616
0.05555555555555555 0.05555555555555555 0.08333333333333333 0.08333333333333333 0.05555555555555555 0.05555555555555555 0.05555555555555555 0.05555555555555555 0.05555555555555555 0.05555555555555555 0.05555555555555555 0.1388888888888889 0.08333333333333333 0.05555555555555555 0.05555555555555555
0.058823529411764705 0.08823529411764705 0.08823529411764705 0.058823529411764705 0.058823529411764705 0.058823529411764705 0.058823529411764705 0.08823529411764705 0.058823529411764705 0.058823529411764705 0.058823529411764705 0.058823529411764705 0.058823529411764705 0.08823529411764705 0.058823529411764705
0.05263157894736842 0.07894736842105263 0.05263157894736842 0.05263157894736842 0.07894736842105263 0.05263157894736842 0.05263157894736842 0.07894736842105263 0.07894736842105263 0.07894736842105263 0.10526315789473684 0.07894736842105263 0.05263157894736842 0.05263157894736842 0.05263157894736842
0.08333333333333333 0.05555555555555555 0.05555555555555555 0.05555555555555555 0.05555555555555555 0.08333333333333333 0.05555555555555555 0.05555555555555555 0.05555555555555555 0.05555555555555555 0.08333333333333333 0.1111111111111111 0.05555555555555555 0.05555555555555555 0.08333333333333333
0.04 0.04 0.04 0.06 0.08 0.06 0.04 0.1 0.06 0.08 0.04 0.06 0.08 0.1 0.12000000000000001
0.041666666666666664 0.0625 0.08333333333333333 0.041666666666666664 0.125 0.041666666666666664 0.0625 0.041666666666666664 0.041666666666666664 0.10416666666666666 0.041666666666666664 0.0625 0.0625 0.10416666666666666 0.08333333333333333
0.043478260869565216 0.06521739130434782 0.10869565217391304 0.043478260869565216 0.043478260869565216 0.06521739130434782 0.043478260869565216 0.06521739130434782 0.08695652173913043 0.043478260869565216 0.043478260869565216 0.08695652173913043 0.043478260869565216 0.10869565217391304 0.10869565217391304
0.058823529411764705 0.058823529411764705 0.058823529411764705 0.058823529411764705 0.058823529411764705 0.058823529411764705 0.058823529411764705 0.058823529411764705 0.08823529411764705 0.08823529411764705 0.08823529411764705 0.058823529411764705 0.058823529411764705 0.08823529411764705 0.058823529411764705
0.08333333333333333 0.05555555555555555 0.05555555555555555 0.1388888888888889 0.05555555555555555 0.05555555555555555 0.05555555555555555 0.1111111111111111 0.05555555555555555 0.05555555555555555 0.05555555555555555 0.05555555555555555 0.05555555555555555 0.05555555555555555 0.05555555555555555
0.07500000000000001 0.05 0.05 0.1 0.07500000000000001 0.05 0.05 0.07500000000000001 0.125 0.05 0.05 0.07500000000000001 0.05 0.05 0.07500000000000001
0.08823529411764705 0.058823529411764705 0.058823529411764705 0.058823529411764705 0.08823529411764705 0.08823529411764705 0.058823529411764705 0.08823529411764705 0.058823529411764705 0.058823529411764705 0.058823529411764705 0.058823529411764705 0.058823529411764705 0.058823529411764705 0.058823529411764705
0.05263157894736842 0.05263157894736842 0.10526315789473684 0.07894736842105263 0.05263157894736842 0.07894736842105263 0.05263157894736842 0.07894736842105263 0.05263157894736842 0.05263157894736842 0.07894736842105263 0.07894736842105263 0.05263157894736842 0.05263157894736842 0.07894736842105263
0.04 0.06 0.04 0.06 0.06 0.08 0.08 0.04 0.1 0.1 0.04 0.06 0.08 0.12 0.04
0.05 0.05 0.05 0.05 0.05 0.05 0.05 0.05 0.125 0.07500000000000001 0.05 0.07500000000000001 0.125 0.07500000000000001 0.07500000000000001
0.041666666666666664 0.0625 0.0625 0.08333333333333333 0.0625 0.041666666666666664 0.08333333333333333 0.041666666666666664 0.041666666666666664 0.0625 0.16666666666666666 0.0625 0.041666666666666664 0.0625 0.08333333333333333
0.10526315789473684 0.05263157894736842 0.05263157894736842 0.13157894736842105 0.05263157894736842 0.05263157894736842 0.05263157894736842 0.05263157894736842 0.05263157894736842 0.05263157894736842 0.05263157894736842 0.10526315789473684 0.05263157894736842 0.07894736842105263 0.05263157894736842
0.07500000000000001 0.05 0.07500000000000001 0.07500000000000001 0.05 0.05 0.125 0.05 0.05 0.05 0.1 0.07500000000000001 0.07500000000000001 0.05 0.05
0.058823529411764705 0.058823529411764705 0.058823529411764705 0.08823529411764705 0.08823529411764705 0.08823529411764705 0.08823529411764705 0.058823529411764705 0.058823529411764705 0.058823529411764705 0.058823529411764705 0.058823529411764705 0.058823529411764705 0.058823529411764705 0.058823529411764705
0.05555555555555555 0.05555555555555555 0.05555555555555555 0.05555555555555555 0.08333333333333333 0.08333333333333333 0.05555555555555555 0.05555555555555555 0.05555555555555555 0.05555555555555555 0.1111111111111111 0.08333333333333333 0.05555555555555555 0.08333333333333333 0.05555555555555555
0.0625 0.0625 0.0625 0.0625 0.0625 0.125 0.0625 0.0625 0.0625 0.0625 0.0625 0.0625 0.0625 0.0625 0.0625
0.04 0.04 0.12000000000000001 0.04 0.06 0.16 0.06 0.04 0.1 0.04 0.06 0.06 0.04 0.06 0.08
0.07894736842105263 0.05263157894736842 0.07894736842105263 0.05263157894736842 0.05263157894736842 0.05263157894736842 0.05263157894736842 0.10526315789473684 0.05263157894736842 0.13157894736842105 0.05263157894736842 0.07894736842105263 0.05263157894736842 0.05263157894736842 0.05263157894736842
0.0625 0.0625 0.0625 0.0625 0.0625 0.09375 0.0625 0.0625 0.09375 0.0625 0.0625 0.0625 0.0625 0.0625 0.0625
0.08823529411764705 0.058823529411764705 0.058823529411764705 0.058823529411764705 0.058823529411764705 0.058823529411764705 0.08823529411764705 0.058823529411764705 0.058823529411764705 0.058823529411764705 0.058823529411764705 0.08823529411764705 0.058823529411764705 0.058823529411764705 0.08823529411764705
0.0625 0.09375 0.0625 0.0625 0.0625 0.0625 0.0625 0.0625 0.0625 0.0625 0.0625 0.09375 0.0625 0.0625 0.0625
0.043478260869565216 0.08695652173913043 0.043478260869565216 0.06521739130434782 0.08695652173913043 0.10869565217391304 0.06521739130434782 0.043478260869565216 0.10869565217391304 0.043478260869565216 0.06521739130434782 0.043478260869565216 0.08695652173913043 0.06521739130434782 0.043478260869565216
0.0625 0.0625 0.0625 0.0625 0.0625 0.09375 0.0625 0.0625 0.0625 0.0625 0.0625 0.0625 0.09375 0.0625 0.0625
0.05555555555555555 0.05555555555555555 0.05555555555555555 0.05555555555555555 0.08333333333333333 0.08333333333333333 0.05555555555555555 0.05555555555555555 0.08333333333333333 0.1111111111111111 0.08333333333333333 0.05555555555555555 0.05555555555555555 0.05555555555555555 0.05555555555555555
0.05555555555555555 0.05555555555555555 0.05555555555555555 0.05555555555555555 0.05555555555555555 0.08333333333333333 0.05555555555555555 0.08333333333333333 0.05555555555555555 0.1388888888888889 0.05555555555555555 0.05555555555555555 0.08333333333333333 0.05555555555555555 0.05555555555555555
0.0625 0.0625 0.0625 0.0625 0.0625 0.0625 0.0625 0.09375 0.09375 0.0625 0.0625 0.0625 0.0625 0.0625 0.0625
0.058823529411764705 0.058823529411764705 0.058823529411764705 0.058823529411764705 0.058823529411764705 0.058823529411764705 0.058823529411764705 0.08823529411764705 0.11764705882352941 0.058823529411764705 0.058823529411764705 0.058823529411764705 0.058823529411764705 0.08823529411764705 0.058823529411764705
0.047619047619047616 0.047619047619047616 0.07142857142857142 0.047619047619047616 0.07142857142857142 0.07142857142857142 0.07142857142857142 0.047619047619047616 0.11904761904761904 0.09523809523809523 0.047619047619047616 0.09523809523809523 0.07142857142857142 0.047619047619047616 0.047619047619047616
0.05 0.07500000000000001 0.05 0.05 0.05 0.05 0.125 0.05 0.07500000000000001 0.1 0.07500000000000001 0.05 0.05 0.07500000000000001 0.07500000000000001
0.058823529411764705 0.058823529411764705 0.08823529411764705 0.058823529411764705 0.058823529411764705 0.058823529411764705 0.08823529411764705 0.058823529411764705 0.058823529411764705 0.058823529411764705 0.08823529411764705 0.08823529411764705 0.058823529411764705 0.058823529411764705 0.058823529411764705
0.0625 0.0625 0.09375 0.0625 0.0625 0.0625 0.0625 0.0625 0.0625 0.0625 0.09375 0.0625 0.0625 0.0625 0.0625
0.1 0.05 0.05 0.1 0.05 0.07500000000000001 0.07500000000000001 0.07500000000000001 0.1 0.07500000000000001 0.05 0.05 0.05 0.05 0.05
0.09090909090909091 0.11363636363636363 0.045454545454545456 0.045454545454545456 0.045454545454545456 0.09090909090909091 0.06818181818181818 0.045454545454545456 0.045454545454545456 0.045454545454545456 0.09090909090909091 0.06818181818181818 0.06818181818181818 0.06818181818181818 0.06818181818181818
0.05 0.07500000000000001 0.05 0.05 0.05 0.1 0.07500000000000001 0.07500000000000001 0.1 0.07500000000000001 0.05 0.07500000000000001 0.05 0.05 0.07500000000000001
0.06521739130434782 0.043478260869565216 0.10869565217391304 0.06521739130434782 0.06521739130434782 0.06521739130434782 0.06521739130434782 0.13043478260869565 0.06521739130434782 0.043478260869565216 0.043478260869565216 0.043478260869565216 0.043478260869565216 0.10869565217391304 0.043478260869565216
0.11904761904761904 0.07142857142857142 0.07142857142857142 0.07142857142857142 0.047619047619047616 0.047619047619047616 0.07142857142857142 0.047619047619047616 0.09523809523809523 0.047619047619047616 0.07142857142857142 0.047619047619047616 0.047619047619047616 0.047619047619047616 0.09523809523809523
0.05263157894736842 0.07894736842105263 0.07894736842105263 0.05263157894736842 0.05263157894736842 0.05263157894736842 0.05263157894736842 0.05263157894736842 0.07894736842105263 0.07894736842105263 0.07894736842105263 0.13157894736842105 0.05263157894736842 0.05263157894736842 0.05263157894736842
0.05555555555555555 0.1111111111111111 0.05555555555555555 0.05555555555555555 0.05555555555555555 0.05555555555555555 0.08333333333333333 0.05555555555555555 0.05555555555555555 0.08333333333333333 0.05555555555555555 0.08333333333333333 0.08333333333333333 0.05555555555555555 0.05555555555555555
0.045454545454545456 0.06818181818181818 0.09090909090909091 0.06818181818181818 0.09090909090909091 0.06818181818181818 0.045454545454545456 0.06818181818181818 0.11363636363636363 0.06818181818181818 0.045454545454545456 0.045454545454545456 0.06818181818181818 0.045454545454545456 0.06818181818181818
0.05 0.05 0.05 0.05 0.07500000000000001 0.05 0.1 0.05 0.1 0.05 0.05 0.1 0.1 0.05 0.07500000000000001
0.05 0.05 0.05 0.07500000000000001 0.125 0.05 0.07500000000000001 0.07500000000000001 0.125 0.05 0.05 0.07500000000000001 0.05 0.05 0.05
0.1111111111111111 0.05555555555555555 0.05555555555555555 0.05555555555555555 0.05555555555555555 0.1111111111111111 0.05555555555555555 0.05555555555555555 0.05555555555555555 0.05555555555555555 0.08333333333333333 0.05555555555555555 0.08333333333333333 0.05555555555555555 0.05555555555555555
0.14285714285714285 0.047619047619047616 0.11904761904761904 0.047619047619047616 0.047619047619047616 0.047619047619047616 0.047619047619047616 0.07142857142857142 0.047619047619047616 0.09523809523809523 0.07142857142857142 0.07142857142857142 0.047619047619047616 0.047619047619047616 0.047619047619047616
0.07894736842105263 0.05263157894736842 0.18421052631578946 0.07894736842105263 0.05263157894736842 0.05263157894736842 0.05263157894736842 0.05263157894736842 0.07894736842105263 0.05263157894736842 0.05263157894736842 0.05263157894736842 0.05263157894736842 0.05263157894736842 0.05263157894736842
0.08695652173913043 0.06521739130434782 0.10869565217391304 0.06521739130434782 0.06521739130434782 0.043478260869565216 0.06521739130434782 0.043478260869565216 0.043478260869565216 0.10869565217391304 0.06521739130434782 0.043478260869565216 0.043478260869565216 0.043478260869565216 0.10869565217391304
0.06521739130434782 0.043478260869565216 0.043478260869565216 0.06521739130434782 0.08695652173913043 0.08695652173913043 0.08695652173913043 0.06521739130434782 0.043478260869565216 0.043478260869565216 0.06521739130434782 0.043478260869565216 0.06521739130434782 0.08695652173913043 0.10869565217391304
0.05555555555555555 0.05555555555555555 0.05555555555555555 0.05555555555555555 0.1111111111111111 0.1111111111111111 0.05555555555555555 0.08333333333333333 0.05555555555555555 0.08333333333333333 0.05555555555555555 0.05555555555555555 0.05555555555555555 0.05555555555555555 0.05555555555555555
0.045454545454545456 0.11363636363636363 0.06818181818181818 0.045454545454545456 0.045454545454545456 0.06818181818181818 0.045454545454545456 0.09090909090909091 0.045454545454545456 0.06818181818181818 0.06818181818181818 0.045454545454545456 0.045454545454545456 0.045454545454545456 0.1590909090909091
0.125 0.125 0.05 0.1 0.05 0.05 0.05 0.05 0.05 0.05 0.07500000000000001 0.05 0.05 0.05 0.07500000000000001
0.07894736842105263 0.05263157894736842 0.05263157894736842 0.05263157894736842 0.07894736842105263 0.05263157894736842 0.05263157894736842 0.07894736842105263 0.05263157894736842 0.10526315789473684 0.07894736842105263 0.05263157894736842 0.10526315789473684 0.05263157894736842 0.05263157894736842
0.058823529411764705 0.058823529411764705 0.08823529411764705 0.08823529411764705 0.058823529411764705 0.08823529411764705 0.058823529411764705 0.058823529411764705 0.08823529411764705 0.058823529411764705 0.058823529411764705 0.058823529411764705 0.058823529411764705 0.058823529411764705 0.058823529411764705
0.0625 0.125 0.10416666666666666 0.041666666666666664 0.041666666666666664 0.0625 0.041666666666666664 0.041666666666666664 0.041666666666666664 0.0625 0.125 0.0625 0.041666666666666664 0.041666666666666664 0.10416666666666666
0.058823529411764705 0.058823529411764705 0.058823529411764705 0.058823529411764705 0.058823529411764705 0.058823529411764705 0.058823529411764705 0.11764705882352941 0.058823529411764705 0.058823529411764705 0.058823529411764705 0.058823529411764705 0.058823529411764705 0.058823529411764705 0.11764705882352941
0.05 0.07500000000000001 0.07500000000000001 0.07500000000000001 0.05 0.07500000000000001 0.07500000000000001 0.07500000000000001 0.07500000000000001 0.05 0.05 0.05 0.05 0.05 0.125
0.05263157894736842 0.07894736842105263 0.05263157894736842 0.07894736842105263 0.10526315789473684 0.05263157894736842 0.05263157894736842 0.07894736842105263 0.05263157894736842 0.07894736842105263 0.05263157894736842 0.05263157894736842 0.05263157894736842 0.07894736842105263 0.07894736842105263
0.058823529411764705 0.058823529411764705 0.058823529411764705 0.058823529411764705 0.058823529411764705 0.08823529411764705 0.058823529411764705 0.058823529411764705 0.058823529411764705 0.08823529411764705 0.058823529411764705 0.058823529411764705 0.08823529411764705 0.058823529411764705 0.08823529411764705
0.07500000000000001 0.07500000000000001 0.07500000000000001 0.05 0.05 0.07500000000000001 0.05 0.07500000000000001 0.125 0.07500000000000001 0.07500000000000001 0.05 0.05 0.05 0.05
0.047619047619047616 0.07142857142857142 0.07142857142857142 0.047619047619047616 0.11904761904761904 0.047619047619047616 0.047619047619047616 0.07142857142857142 0.047619047619047616 0.09523809523809523 0.047619047619047616 0.07142857142857142 0.07142857142857142 0.09523809523809523 0.047619047619047616
0.05555555555555555 0.05555555555555555 0.05555555555555555 0.05555555555555555 0.05555555555555555 0.05555555555555555 0.05555555555555555 0.05555555555555555 0.1111111111111111 0.08333333333333333 0.05555555555555555 0.1388888888888889 0.05555555555555555 0.05555555555555555 0.05555555555555555
0.07894736842105263 0.05263157894736842 0.05263157894736842 0.10526315789473684 0.10526315789473684 0.05263157894736842 0.05263157894736842 0.05263157894736842 0.05263157894736842 0.07894736842105263 0.05263157894736842 0.07894736842105263 0.05263157894736842 0.07894736842105263 0.05263157894736842
